Raw Values,FORWARDS_MAJOR,FORWARDS_MINOR,FORWARDS_MICRO,NO_CHANGE,BACKWARD_MICRO,BACKWARD_MINOR,BACKWARD_MAJOR,Total
Major Lag,19.0,83.0,1073.0,5958.0,0.0,0.0,5.0,7138
Major Minor Lag,5.0,30.0,302.0,3671.0,0.0,5.0,1.0,4014
Major Micro Lag,3.0,10.0,24.0,4310.0,3.0,0.0,1.0,4351
Major Minor Micro Lag,2.0,20.0,32.0,2235.0,2.0,0.0,5.0,2296
Minor Lag,31.0,127.0,1808.0,16726.0,1.0,17.0,0.0,18710
Minor Micro Lag,20.0,30.0,46.0,9710.0,1.0,9.0,0.0,9816
Micro Lag,18.0,106.0,84.0,10550.0,13.0,0.0,0.0,10771
No Lag,490.0,3332.0,9569.0,45775.0,8.0,2.0,3.0,59179
All Types,588.0,3738.0,12938.0,98935.0,28.0,33.0,15.0,116275
