Raw Values,FORWARDS_MAJOR,FORWARDS_MINOR,FORWARDS_MICRO,NO_CHANGE,BACKWARD_MICRO,BACKWARD_MINOR,BACKWARD_MAJOR,Total
Major Lag,18.0,57.0,340.0,5779.0,0.0,0.0,3.0,6197
Major Minor Lag,5.0,30.0,167.0,3637.0,0.0,5.0,1.0,3845
Major Micro Lag,3.0,9.0,21.0,4299.0,3.0,0.0,1.0,4336
Major Minor Micro Lag,2.0,17.0,26.0,2233.0,2.0,0.0,4.0,2284
Minor Lag,31.0,112.0,1040.0,16373.0,1.0,17.0,0.0,17574
Minor Micro Lag,19.0,29.0,42.0,9570.0,1.0,9.0,0.0,9670
Micro Lag,18.0,104.0,72.0,10423.0,13.0,0.0,0.0,10630
No Lag,331.0,1852.0,5104.0,41423.0,5.0,2.0,3.0,48720
All Types,427.0,2210.0,6812.0,93737.0,25.0,33.0,12.0,103256
