Raw Values,FORWARDS_MAJOR,FORWARDS_MINOR,FORWARDS_MICRO,NO_CHANGE,BACKWARD_MICRO,BACKWARD_MINOR,BACKWARD_MAJOR,Total
Major Lag,1163.0,4275.0,25130.0,264874.0,4.0,6.0,307.0,295759
Major Minor Lag,132.0,685.0,1298.0,107479.0,0.0,128.0,381.0,110103
Major Micro Lag,177.0,1065.0,2732.0,127536.0,141.0,1.0,108.0,131760
Major Minor Micro Lag,98.0,247.0,652.0,77046.0,35.0,84.0,60.0,78222
Minor Lag,1258.0,13587.0,26674.0,548244.0,3.0,6288.0,3.0,596057
Minor Micro Lag,660.0,2852.0,4300.0,365126.0,633.0,824.0,0.0,374395
Micro Lag,1054.0,6535.0,9450.0,369102.0,514.0,39.0,20.0,386714
No Lag,10352.0,59093.0,68535.0,867949.0,43.0,108.0,26.0,1006106
All Types,14894.0,88339.0,138771.0,2727356.0,1373.0,7478.0,905.0,2979116
