Raw Values,FORWARDS_MAJOR,FORWARDS_MINOR,FORWARDS_MICRO,NO_CHANGE,BACKWARD_MICRO,BACKWARD_MINOR,BACKWARD_MAJOR,Total
Major Lag,1129.0,4307.0,25130.0,267038.0,4.0,6.0,307.0,297921
Major Minor Lag,124.0,691.0,1332.0,109263.0,0.0,127.0,379.0,111916
Major Micro Lag,178.0,1071.0,2747.0,128008.0,138.0,1.0,107.0,132250
Major Minor Micro Lag,97.0,236.0,636.0,77651.0,35.0,83.0,62.0,78800
Minor Lag,1504.0,13492.0,26813.0,553030.0,3.0,6345.0,3.0,601190
Minor Micro Lag,592.0,2863.0,4303.0,365216.0,646.0,839.0,0.0,374459
Micro Lag,1012.0,6565.0,9357.0,371907.0,491.0,8.0,20.0,389360
No Lag,10551.0,60401.0,70980.0,857744.0,40.0,71.0,21.0,999808
All Types,15187.0,89626.0,141298.0,2729857.0,1357.0,7480.0,899.0,2985704
