Raw Values,FORWARDS_MAJOR,FORWARDS_MINOR,FORWARDS_MICRO,NO_CHANGE,BACKWARD_MICRO,BACKWARD_MINOR,BACKWARD_MAJOR,Total
Major Lag,1129.0,4308.0,25130.0,267025.0,4.0,6.0,306.0,297908
Major Minor Lag,124.0,689.0,1332.0,109253.0,0.0,127.0,380.0,111905
Major Micro Lag,171.0,1069.0,2755.0,127854.0,141.0,1.0,107.0,132098
Major Minor Micro Lag,97.0,236.0,634.0,77650.0,35.0,83.0,62.0,78797
Minor Lag,1505.0,13456.0,26780.0,553078.0,3.0,6317.0,3.0,601142
Minor Micro Lag,591.0,2858.0,4298.0,365157.0,645.0,840.0,0.0,374389
Micro Lag,1002.0,6562.0,9336.0,371774.0,488.0,8.0,20.0,389190
No Lag,10542.0,60398.0,70983.0,857689.0,41.0,71.0,21.0,999745
All Types,15161.0,89576.0,141248.0,2729480.0,1357.0,7453.0,899.0,2985174
