Raw Values,FORWARDS_MAJOR,FORWARDS_MINOR,FORWARDS_MICRO,NO_CHANGE,BACKWARD_MICRO,BACKWARD_MINOR,BACKWARD_MAJOR,Total
Major Lag,1.0,6.0,3.0,2745.0,0.0,0.0,6.0,2761
Major Minor Lag,0.0,0.0,1.0,2575.0,0.0,1.0,0.0,2577
Major Micro Lag,0.0,7.0,5.0,810.0,0.0,0.0,7.0,829
Major Minor Micro Lag,0.0,0.0,0.0,869.0,0.0,0.0,0.0,869
Minor Lag,11.0,14.0,5.0,13062.0,0.0,6.0,0.0,13098
Minor Micro Lag,2.0,7.0,3.0,4985.0,1.0,8.0,0.0,5006
Micro Lag,6.0,31.0,12.0,6056.0,16.0,0.0,0.0,6121
No Lag,67.0,250.0,186.0,25863.0,0.0,1.0,0.0,26367
All Types,87.0,315.0,215.0,56965.0,17.0,16.0,13.0,57628
