Raw Values,FORWARDS_MAJOR,FORWARDS_MINOR,FORWARDS_MICRO,NO_CHANGE,BACKWARD_MICRO,BACKWARD_MINOR,BACKWARD_MAJOR,Total
Major Lag,1.0,6.0,3.0,2744.0,0.0,0.0,6.0,2760
Major Minor Lag,0.0,0.0,1.0,2573.0,0.0,1.0,0.0,2575
Major Micro Lag,0.0,7.0,1.0,814.0,0.0,0.0,7.0,829
Major Minor Micro Lag,0.0,0.0,0.0,869.0,0.0,0.0,0.0,869
Minor Lag,11.0,14.0,5.0,13058.0,0.0,6.0,0.0,13094
Minor Micro Lag,2.0,7.0,3.0,4983.0,1.0,8.0,0.0,5004
Micro Lag,6.0,31.0,12.0,6053.0,16.0,0.0,0.0,6118
No Lag,65.0,246.0,184.0,25843.0,0.0,1.0,0.0,26339
All Types,85.0,311.0,209.0,56937.0,17.0,16.0,13.0,57588
