Raw Values,FORWARDS_MAJOR,FORWARDS_MINOR,FORWARDS_MICRO,NO_CHANGE,BACKWARD_MICRO,BACKWARD_MINOR,BACKWARD_MAJOR,Total
Major Lag,1.0,6.0,3.0,2751.0,0.0,0.0,6.0,2767
Major Minor Lag,0.0,0.0,1.0,2575.0,0.0,1.0,0.0,2577
Major Micro Lag,0.0,7.0,5.0,810.0,0.0,0.0,7.0,829
Major Minor Micro Lag,0.0,0.0,0.0,890.0,0.0,0.0,0.0,890
Minor Lag,11.0,15.0,42.0,13508.0,0.0,6.0,0.0,13582
Minor Micro Lag,2.0,7.0,3.0,5144.0,1.0,8.0,0.0,5165
Micro Lag,6.0,31.0,30.0,6214.0,16.0,0.0,0.0,6297
No Lag,81.0,455.0,556.0,26934.0,0.0,1.0,0.0,28027
All Types,101.0,521.0,640.0,58826.0,17.0,16.0,13.0,60134
