Raw Values,FORWARDS_MAJOR,FORWARDS_MINOR,FORWARDS_MICRO,NO_CHANGE,BACKWARD_MICRO,BACKWARD_MINOR,BACKWARD_MAJOR,Total
Major Lag,1590.0,7144.0,5083.0,696056.0,0.0,2.0,1026.0,710901
Major Minor Lag,352.0,704.0,380.0,389271.0,1.0,385.0,419.0,391512
Major Micro Lag,297.0,994.0,449.0,261575.0,165.0,0.0,254.0,263734
Major Minor Micro Lag,252.0,266.0,90.0,186117.0,61.0,158.0,155.0,187099
Minor Lag,2521.0,4316.0,4195.0,754122.0,22.0,1806.0,0.0,766982
Minor Micro Lag,796.0,1138.0,591.0,347122.0,209.0,423.0,2.0,350281
Micro Lag,1538.0,2649.0,2757.0,675734.0,994.0,0.0,0.0,683672
No Lag,25737.0,60676.0,68076.0,3219134.0,107.0,49.0,32.0,3373811
All Types,33083.0,77887.0,81621.0,6529131.0,1559.0,2823.0,1888.0,6727992
