Raw Values,FORWARDS_MAJOR,FORWARDS_MINOR,FORWARDS_MICRO,NO_CHANGE,BACKWARD_MICRO,BACKWARD_MINOR,BACKWARD_MAJOR,Total
Major Lag,1594.0,7124.0,5064.0,673818.0,0.0,2.0,1017.0,688619
Major Minor Lag,345.0,706.0,319.0,381080.0,1.0,389.0,419.0,383259
Major Micro Lag,300.0,988.0,487.0,256079.0,172.0,0.0,252.0,258278
Major Minor Micro Lag,252.0,250.0,92.0,180315.0,64.0,158.0,153.0,181284
Minor Lag,2605.0,4736.0,3726.0,732886.0,24.0,1841.0,0.0,745818
Minor Micro Lag,789.0,1145.0,572.0,333410.0,216.0,419.0,2.0,336553
Micro Lag,1552.0,2643.0,2990.0,652508.0,1163.0,0.0,0.0,660856
No Lag,24873.0,58128.0,66518.0,3015240.0,97.0,44.0,34.0,3164934
All Types,32310.0,75720.0,79768.0,6225336.0,1737.0,2853.0,1877.0,6419601
