Raw Values,FORWARDS_MAJOR,FORWARDS_MINOR,FORWARDS_MICRO,NO_CHANGE,BACKWARD_MICRO,BACKWARD_MINOR,BACKWARD_MAJOR,Total
Major Lag,1590.0,7135.0,5079.0,696073.0,0.0,2.0,1026.0,710905
Major Minor Lag,352.0,703.0,381.0,389300.0,1.0,385.0,420.0,391542
Major Micro Lag,297.0,986.0,426.0,261611.0,165.0,0.0,255.0,263740
Major Minor Micro Lag,252.0,265.0,89.0,186116.0,62.0,158.0,155.0,187097
Minor Lag,2516.0,4304.0,4191.0,754158.0,22.0,1808.0,0.0,766999
Minor Micro Lag,794.0,1136.0,591.0,347069.0,211.0,426.0,2.0,350229
Micro Lag,1538.0,2637.0,2744.0,675794.0,993.0,0.0,0.0,683706
No Lag,25713.0,60635.0,68058.0,3219707.0,107.0,49.0,32.0,3374301
All Types,33052.0,77801.0,81559.0,6529828.0,1561.0,2828.0,1890.0,6728519
