Raw Values,FORWARDS_MAJOR,FORWARDS_MINOR,FORWARDS_MICRO,NO_CHANGE,BACKWARD_MICRO,BACKWARD_MINOR,BACKWARD_MAJOR,Total
Major Lag,2842.0,11965.0,31375.0,983244.0,5.0,8.0,1386.0,1030825
Major Minor Lag,508.0,1473.0,2394.0,512188.0,1.0,520.0,802.0,517886
Major Micro Lag,491.0,2178.0,3483.0,405101.0,342.0,1.0,385.0,411981
Major Minor Micro Lag,360.0,590.0,974.0,274621.0,102.0,250.0,237.0,277134
Minor Lag,4138.0,18161.0,32753.0,1358543.0,26.0,8201.0,3.0,1421825
Minor Micro Lag,1482.0,4220.0,5588.0,742794.0,869.0,1310.0,2.0,756265
Micro Lag,2636.0,9720.0,12719.0,1088851.0,1640.0,9.0,20.0,1115595
No Lag,37247.0,127266.0,157547.0,4207387.0,158.0,130.0,66.0,4529801
All Types,49704.0,175573.0,246833.0,9572729.0,3143.0,10429.0,2901.0,10061312
