Raw Values,FORWARDS_MAJOR,FORWARDS_MINOR,FORWARDS_MICRO,NO_CHANGE,BACKWARD_MICRO,BACKWARD_MINOR,BACKWARD_MAJOR,Total
Major Lag,3710.0,13053.0,36368.0,971698.0,5.0,8.0,1388.0,1026230
Major Minor Lag,521.0,1528.0,5820.0,502633.0,1.0,527.0,803.0,511833
Major Micro Lag,519.0,2176.0,7323.0,401136.0,337.0,1.0,383.0,411875
Major Minor Micro Lag,371.0,590.0,2864.0,268833.0,106.0,250.0,233.0,273247
Minor Lag,4251.0,19746.0,39208.0,1342525.0,28.0,8213.0,4.0,1413975
Minor Micro Lag,1540.0,4221.0,7814.0,730393.0,864.0,1289.0,2.0,746123
Micro Lag,2719.0,10038.0,14218.0,1065792.0,1824.0,40.0,20.0,1094651
No Lag,38466.0,132078.0,178335.0,4072931.0,153.0,162.0,74.0,4422199
All Types,52097.0,183430.0,291950.0,9355941.0,3318.0,10490.0,2907.0,9900133
