Raw Values,FORWARDS_MAJOR,FORWARDS_MINOR,FORWARDS_MICRO,NO_CHANGE,BACKWARD_MICRO,BACKWARD_MINOR,BACKWARD_MAJOR,Total
Major Lag,2843.0,11976.0,31384.0,983350.0,5.0,8.0,1389.0,1030955
Major Minor Lag,508.0,1477.0,2394.0,512206.0,1.0,520.0,800.0,517906
Major Micro Lag,498.0,2189.0,3497.0,405247.0,339.0,1.0,384.0,412155
Major Minor Micro Lag,361.0,592.0,978.0,274618.0,101.0,250.0,236.0,277136
Minor Lag,4143.0,18212.0,32799.0,1358699.0,26.0,8231.0,3.0,1422113
Minor Micro Lag,1485.0,4231.0,5596.0,742916.0,867.0,1307.0,2.0,756404
Micro Lag,2646.0,9740.0,12758.0,1089176.0,1640.0,9.0,20.0,1115989
No Lag,37300.0,127620.0,157808.0,4208735.0,158.0,131.0,66.0,4531818
All Types,49784.0,176037.0,247214.0,9574947.0,3137.0,10457.0,2900.0,10064476
