Raw Values,FORWARDS_MAJOR,FORWARDS_MINOR,FORWARDS_MICRO,NO_CHANGE,BACKWARD_MICRO,BACKWARD_MINOR,BACKWARD_MAJOR,Total
Major Lag,17.0,68.0,1057.0,4947.0,0.0,0.0,3.0,6092
Major Minor Lag,2.0,23.0,299.0,2841.0,0.0,5.0,1.0,3171
Major Micro Lag,2.0,7.0,13.0,3644.0,0.0,0.0,0.0,3666
Major Minor Micro Lag,1.0,10.0,19.0,1873.0,2.0,0.0,2.0,1907
Minor Lag,16.0,97.0,1790.0,12770.0,0.0,12.0,0.0,14685
Minor Micro Lag,11.0,21.0,25.0,7938.0,1.0,5.0,0.0,8001
Micro Lag,10.0,82.0,66.0,7065.0,9.0,0.0,0.0,7232
No Lag,391.0,2821.0,8499.0,28724.0,5.0,1.0,1.0,40442
All Types,450.0,3129.0,11768.0,69802.0,17.0,23.0,7.0,85196
