Raw Values,FORWARDS_MAJOR,FORWARDS_MINOR,FORWARDS_MICRO,NO_CHANGE,BACKWARD_MICRO,BACKWARD_MINOR,BACKWARD_MAJOR,Total
Major Lag,16.0,42.0,326.0,4779.0,0.0,0.0,2.0,5165
Major Minor Lag,2.0,23.0,164.0,2813.0,0.0,5.0,1.0,3008
Major Micro Lag,2.0,6.0,10.0,3643.0,0.0,0.0,0.0,3661
Major Minor Micro Lag,1.0,7.0,13.0,1874.0,2.0,0.0,1.0,1898
Minor Lag,16.0,83.0,1023.0,12464.0,0.0,12.0,0.0,13598
Minor Micro Lag,10.0,20.0,21.0,7820.0,1.0,5.0,0.0,7877
Micro Lag,10.0,81.0,57.0,7012.0,9.0,0.0,0.0,7169
No Lag,253.0,1485.0,4485.0,25279.0,2.0,1.0,1.0,31506
All Types,310.0,1747.0,6099.0,65684.0,14.0,23.0,5.0,73882
