Raw Values,FORWARDS_MAJOR,FORWARDS_MINOR,FORWARDS_MICRO,NO_CHANGE,BACKWARD_MICRO,BACKWARD_MINOR,BACKWARD_MAJOR,Total
Major Lag,24.0,184.0,265.0,5503.0,1.0,0.0,23.0,6000
Major Minor Lag,4.0,27.0,119.0,4933.0,0.0,0.0,1.0,5084
Major Micro Lag,18.0,99.0,240.0,8831.0,33.0,0.0,10.0,9231
Major Minor Micro Lag,3.0,62.0,53.0,6477.0,3.0,9.0,14.0,6621
Minor Lag,50.0,142.0,474.0,15023.0,0.0,19.0,0.0,15708
Minor Micro Lag,73.0,188.0,557.0,13468.0,10.0,24.0,0.0,14320
Micro Lag,62.0,354.0,195.0,18467.0,121.0,1.0,0.0,19200
No Lag,289.0,1322.0,1626.0,37923.0,2.0,1.0,2.0,41165
All Types,523.0,2378.0,3529.0,110625.0,170.0,54.0,50.0,117329
