Raw Values,FORWARDS_MAJOR,FORWARDS_MINOR,FORWARDS_MICRO,NO_CHANGE,BACKWARD_MICRO,BACKWARD_MINOR,BACKWARD_MAJOR,Total
Major Lag,26.0,152.0,306.0,5594.0,1.0,0.0,25.0,6104
Major Minor Lag,4.0,25.0,117.0,5195.0,0.0,1.0,2.0,5344
Major Micro Lag,18.0,82.0,240.0,9310.0,18.0,0.0,10.0,9678
Major Minor Micro Lag,2.0,48.0,51.0,6901.0,5.0,8.0,14.0,7029
Minor Lag,49.0,135.0,424.0,15248.0,0.0,21.0,1.0,15878
Minor Micro Lag,58.0,174.0,490.0,13792.0,13.0,25.0,0.0,14552
Micro Lag,65.0,337.0,173.0,18725.0,112.0,1.0,0.0,19413
No Lag,308.0,1013.0,1814.0,38265.0,2.0,1.0,2.0,41405
All Types,530.0,1966.0,3615.0,113030.0,151.0,57.0,54.0,119403
