Raw Values,FORWARDS_MAJOR,FORWARDS_MINOR,FORWARDS_MICRO,NO_CHANGE,BACKWARD_MICRO,BACKWARD_MINOR,BACKWARD_MAJOR,Total
Major Lag,791.0,2949.0,22171.0,197871.0,4.0,4.0,179.0,223969
Major Minor Lag,79.0,472.0,1057.0,86637.0,0.0,98.0,301.0,88644
Major Micro Lag,97.0,779.0,2173.0,107107.0,90.0,0.0,74.0,110320
Major Minor Micro Lag,52.0,126.0,515.0,63007.0,20.0,78.0,35.0,63833
Minor Lag,813.0,11541.0,18826.0,399244.0,3.0,5960.0,0.0,436387
Minor Micro Lag,397.0,2035.0,3017.0,293021.0,526.0,696.0,0.0,299692
Micro Lag,566.0,4783.0,7505.0,266556.0,362.0,37.0,20.0,279829
No Lag,7141.0,39004.0,47770.0,443445.0,24.0,72.0,6.0,537462
All Types,9936.0,61689.0,103034.0,1856888.0,1029.0,6945.0,615.0,2040136
