Raw Values,FORWARDS_MAJOR,FORWARDS_MINOR,FORWARDS_MICRO,NO_CHANGE,BACKWARD_MICRO,BACKWARD_MINOR,BACKWARD_MAJOR,Total
Major Lag,774.0,3055.0,22227.0,199223.0,4.0,4.0,182.0,225469
Major Minor Lag,75.0,478.0,1107.0,88157.0,0.0,96.0,300.0,90213
Major Micro Lag,97.0,795.0,2198.0,107321.0,91.0,0.0,75.0,110577
Major Minor Micro Lag,53.0,116.0,505.0,63726.0,20.0,78.0,37.0,64535
Minor Lag,1039.0,11475.0,18944.0,402340.0,3.0,5971.0,0.0,439772
Minor Micro Lag,363.0,2053.0,3012.0,293877.0,539.0,715.0,0.0,300559
Micro Lag,547.0,4854.0,7502.0,269358.0,345.0,7.0,20.0,282633
No Lag,7430.0,42027.0,51279.0,448463.0,24.0,39.0,6.0,549268
All Types,10378.0,64853.0,106774.0,1872465.0,1026.0,6910.0,620.0,2063026
