Raw Values,FORWARDS_MAJOR,FORWARDS_MINOR,FORWARDS_MICRO,NO_CHANGE,BACKWARD_MICRO,BACKWARD_MINOR,BACKWARD_MAJOR,Total
Major Lag,775.0,3054.0,22227.0,199231.0,4.0,4.0,183.0,225478
Major Minor Lag,75.0,480.0,1107.0,88173.0,0.0,96.0,300.0,90231
Major Micro Lag,104.0,797.0,2190.0,107476.0,88.0,0.0,75.0,110730
Major Minor Micro Lag,53.0,116.0,507.0,63727.0,20.0,78.0,37.0,64538
Minor Lag,1037.0,11510.0,18976.0,402295.0,3.0,5999.0,0.0,439820
Minor Micro Lag,364.0,2058.0,3016.0,293942.0,540.0,714.0,0.0,300634
Micro Lag,557.0,4857.0,7522.0,269469.0,349.0,7.0,20.0,282781
No Lag,7440.0,42036.0,51273.0,448501.0,24.0,39.0,6.0,549319
All Types,10405.0,64908.0,106818.0,1872814.0,1028.0,6937.0,621.0,2063531
