
Project information
ngeo (1390298)	angular-sanitize (127954)	Package Manager: NPM
RepoID: 683365
Repo Owner/Name: camptocamp/ngeo
Repository type: GitHub

 https://github.com/camptocamp/ngeo/commit/

Tag information:
CommitInfo{repo='GitHub', hash='fadd4f624b6e3a7bc18334b85fffb290a8e6910c', version='0.0.1'} 	https://github.com/camptocamp/ngeo/commit/fadd4f624b6e3a7bc18334b85fffb290a8e6910c
CommitInfo{repo='GitHub', hash='3700569d22669a70bc964c8094a80a5158122261', version='0.0.2'} 	https://github.com/camptocamp/ngeo/commit/3700569d22669a70bc964c8094a80a5158122261
CommitInfo{repo='GitHub', hash='317a90e095b092215e6211023f67f18783ab1fd5', version='2.0.0'} 	https://github.com/camptocamp/ngeo/commit/317a90e095b092215e6211023f67f18783ab1fd5
CommitInfo{repo='GitHub', hash='d30ec6a77a9a34905edd05f6b14372f2d02d8586', version='2.0.0.dev10'} 	https://github.com/camptocamp/ngeo/commit/d30ec6a77a9a34905edd05f6b14372f2d02d8586
CommitInfo{repo='GitHub', hash='58b36f887341187a7f9e418d492449b7f457808b', version='2.0.0.dev11'} 	https://github.com/camptocamp/ngeo/commit/58b36f887341187a7f9e418d492449b7f457808b
CommitInfo{repo='GitHub', hash='58b36f887341187a7f9e418d492449b7f457808b', version='2.0.0.dev12'} 	https://github.com/camptocamp/ngeo/commit/58b36f887341187a7f9e418d492449b7f457808b
CommitInfo{repo='GitHub', hash='58b36f887341187a7f9e418d492449b7f457808b', version='2.0.0.dev13'} 	https://github.com/camptocamp/ngeo/commit/58b36f887341187a7f9e418d492449b7f457808b
CommitInfo{repo='GitHub', hash='072db84eb96c881d630ea78efd903f089373bb85', version='2.0.0.dev14'} 	https://github.com/camptocamp/ngeo/commit/072db84eb96c881d630ea78efd903f089373bb85
CommitInfo{repo='GitHub', hash='91291de55b12527f501af76d110c0021e98b1647', version='2.0.0rc1'} 	https://github.com/camptocamp/ngeo/commit/91291de55b12527f501af76d110c0021e98b1647
CommitInfo{repo='GitHub', hash='91291de55b12527f501af76d110c0021e98b1647', version='2.0.0.rc1'} 	https://github.com/camptocamp/ngeo/commit/91291de55b12527f501af76d110c0021e98b1647
CommitInfo{repo='GitHub', hash='91291de55b12527f501af76d110c0021e98b1647', version='2.0.0rc2'} 	https://github.com/camptocamp/ngeo/commit/91291de55b12527f501af76d110c0021e98b1647
CommitInfo{repo='GitHub', hash='8b8b77dc847bb2ea57acc666bb904cfed112c7b5', version='2.0.0rc3'} 	https://github.com/camptocamp/ngeo/commit/8b8b77dc847bb2ea57acc666bb904cfed112c7b5
CommitInfo{repo='GitHub', hash='730fa59fe21ba4525075e893c6aab61fb3928d37', version='2.0.0rc4'} 	https://github.com/camptocamp/ngeo/commit/730fa59fe21ba4525075e893c6aab61fb3928d37
CommitInfo{repo='GitHub', hash='ab3ddacb629fe950ccc9438bf0f7ee136eaacdfb', version='2.0.0rc5'} 	https://github.com/camptocamp/ngeo/commit/ab3ddacb629fe950ccc9438bf0f7ee136eaacdfb
CommitInfo{repo='GitHub', hash='6cf2b3eb3281b81a96b5b7a24aee42e9aad8e39c', version='2.0.0rc6'} 	https://github.com/camptocamp/ngeo/commit/6cf2b3eb3281b81a96b5b7a24aee42e9aad8e39c
CommitInfo{repo='GitHub', hash='e2e938beaaabe69a8ee795674849b084623add63', version='2.1.0'} 	https://github.com/camptocamp/ngeo/commit/e2e938beaaabe69a8ee795674849b084623add63
CommitInfo{repo='GitHub', hash='3b91f22877d838e1e4429b6b8cb7f6d4320aac5a', version='2.1.0-alpha.4'} 	https://github.com/camptocamp/ngeo/commit/3b91f22877d838e1e4429b6b8cb7f6d4320aac5a
CommitInfo{repo='GitHub', hash='b00d7221e5137bd44b94aad0da4a9a3d096b6766', version='2.1.0.dev1'} 	https://github.com/camptocamp/ngeo/commit/b00d7221e5137bd44b94aad0da4a9a3d096b6766
CommitInfo{repo='GitHub', hash='e9fe5c18d0ceb4de05abd36b75f354fe76508b30', version='2.1.0-dev.10'} 	https://github.com/camptocamp/ngeo/commit/e9fe5c18d0ceb4de05abd36b75f354fe76508b30
CommitInfo{repo='GitHub', hash='33d1c09c5e0adc6d103565549abd270334939c19', version='2.1.0-dev.11'} 	https://github.com/camptocamp/ngeo/commit/33d1c09c5e0adc6d103565549abd270334939c19
CommitInfo{repo='GitHub', hash='cf4e84ded406ba607ce448436b4f4c9f6b49d858', version='2.1.0-dev.12'} 	https://github.com/camptocamp/ngeo/commit/cf4e84ded406ba607ce448436b4f4c9f6b49d858
CommitInfo{repo='GitHub', hash='4ca6bbed66a1dc6441eae8e16da3b26abbfd825f', version='2.1.0-dev.13'} 	https://github.com/camptocamp/ngeo/commit/4ca6bbed66a1dc6441eae8e16da3b26abbfd825f
CommitInfo{repo='GitHub', hash='49211ce982ce7f715533e8bb12b5b598b467e5e4', version='2.1.0-dev.14'} 	https://github.com/camptocamp/ngeo/commit/49211ce982ce7f715533e8bb12b5b598b467e5e4
CommitInfo{repo='GitHub', hash='0b740de3208a8114d9a3fedba60b87e97569a50c', version='2.1.0-dev.15'} 	https://github.com/camptocamp/ngeo/commit/0b740de3208a8114d9a3fedba60b87e97569a50c
CommitInfo{repo='GitHub', hash='0cf80084fb7cbee3595302b3bad01d50ead38a77', version='2.1.0-dev.16'} 	https://github.com/camptocamp/ngeo/commit/0cf80084fb7cbee3595302b3bad01d50ead38a77
CommitInfo{repo='GitHub', hash='ff8d682883173e6c22e9427add60d17ffd6758cf', version='2.1.0-dev.17'} 	https://github.com/camptocamp/ngeo/commit/ff8d682883173e6c22e9427add60d17ffd6758cf
CommitInfo{repo='GitHub', hash='369219b4f0c20169c2320a2bb51d74fa0b7e6d7e', version='2.1.0-dev.18'} 	https://github.com/camptocamp/ngeo/commit/369219b4f0c20169c2320a2bb51d74fa0b7e6d7e
CommitInfo{repo='GitHub', hash='0d154c8e9eeb987b587414ce9ada3ff6d2788445', version='2.1.0-dev.19'} 	https://github.com/camptocamp/ngeo/commit/0d154c8e9eeb987b587414ce9ada3ff6d2788445
CommitInfo{repo='GitHub', hash='b00d7221e5137bd44b94aad0da4a9a3d096b6766', version='2.1.0.dev2'} 	https://github.com/camptocamp/ngeo/commit/b00d7221e5137bd44b94aad0da4a9a3d096b6766
CommitInfo{repo='GitHub', hash='4aefa12c5e797ddd8a9efeac88de564f40951523', version='2.1.0-dev.20'} 	https://github.com/camptocamp/ngeo/commit/4aefa12c5e797ddd8a9efeac88de564f40951523
CommitInfo{repo='GitHub', hash='f8456cafd9e661c70936108601b41ee98b41a2d2', version='2.1.0-dev.21'} 	https://github.com/camptocamp/ngeo/commit/f8456cafd9e661c70936108601b41ee98b41a2d2
CommitInfo{repo='GitHub', hash='4a5ef1c50e0cdc4f76754a419f00504ae2494e65', version='2.1.0-dev.22'} 	https://github.com/camptocamp/ngeo/commit/4a5ef1c50e0cdc4f76754a419f00504ae2494e65
CommitInfo{repo='GitHub', hash='61c23082b6178a94c488e48494746712ecfb4f20', version='2.1.0-dev.23'} 	https://github.com/camptocamp/ngeo/commit/61c23082b6178a94c488e48494746712ecfb4f20
CommitInfo{repo='GitHub', hash='d6b0dc5f916e81ce10734aa992d39a1588a9e7a5', version='2.1.0-dev.24'} 	https://github.com/camptocamp/ngeo/commit/d6b0dc5f916e81ce10734aa992d39a1588a9e7a5
CommitInfo{repo='GitHub', hash='91990e908a46f671f11f347a945242fbf26f48a3', version='2.1.0-dev.25'} 	https://github.com/camptocamp/ngeo/commit/91990e908a46f671f11f347a945242fbf26f48a3
CommitInfo{repo='GitHub', hash='384fbba153213af2bf98324cd1948c4dc365fee6', version='2.1.0-dev.26'} 	https://github.com/camptocamp/ngeo/commit/384fbba153213af2bf98324cd1948c4dc365fee6
CommitInfo{repo='GitHub', hash='82e06e4a08d4101958450de161a6e898fedd42a0', version='2.1.0.dev3'} 	https://github.com/camptocamp/ngeo/commit/82e06e4a08d4101958450de161a6e898fedd42a0
CommitInfo{repo='GitHub', hash='d9c4960107b2358ee0bd83ecbb29ee0f155e4add', version='2.1.0-dev.4'} 	https://github.com/camptocamp/ngeo/commit/d9c4960107b2358ee0bd83ecbb29ee0f155e4add
CommitInfo{repo='GitHub', hash='6b6f4b706d8c2e4f10e6587a5ef97e40f8d92f97', version='2.1.0-dev.5'} 	https://github.com/camptocamp/ngeo/commit/6b6f4b706d8c2e4f10e6587a5ef97e40f8d92f97
CommitInfo{repo='GitHub', hash='e601cab558c45119d115d5b69e2a874591174991', version='2.1.0-dev.6'} 	https://github.com/camptocamp/ngeo/commit/e601cab558c45119d115d5b69e2a874591174991
CommitInfo{repo='GitHub', hash='5d84481d7e4a391e43d3bf4ae06958612c73c646', version='2.1.0-dev.7'} 	https://github.com/camptocamp/ngeo/commit/5d84481d7e4a391e43d3bf4ae06958612c73c646
CommitInfo{repo='GitHub', hash='f28b998797f29d7b799b10e97fbb27bcfd1cb3b9', version='2.1.0-dev.8'} 	https://github.com/camptocamp/ngeo/commit/f28b998797f29d7b799b10e97fbb27bcfd1cb3b9
CommitInfo{repo='GitHub', hash='cd0b3f4a46ad484b19cac9cad3cc4b77b2282974', version='2.1.0-dev.9'} 	https://github.com/camptocamp/ngeo/commit/cd0b3f4a46ad484b19cac9cad3cc4b77b2282974
CommitInfo{repo='GitHub', hash='124ae3e7f887230fae0a7bcf77f578bf66f83268', version='2.1.0-rc.1'} 	https://github.com/camptocamp/ngeo/commit/124ae3e7f887230fae0a7bcf77f578bf66f83268
CommitInfo{repo='GitHub', hash='177b0da1eb4c2a6b421c4ef62d8f71d817d4ece7', version='2.1.0-rc.2'} 	https://github.com/camptocamp/ngeo/commit/177b0da1eb4c2a6b421c4ef62d8f71d817d4ece7
CommitInfo{repo='GitHub', hash='c423791ee36d93cd22f4e7d03ed5de8abe2b2f48', version='2.1.0-rc.3'} 	https://github.com/camptocamp/ngeo/commit/c423791ee36d93cd22f4e7d03ed5de8abe2b2f48
CommitInfo{repo='GitHub', hash='219e3bdfe3e48393ccd2db5d492d1d5b8b5111a8', version='2.1.0-rc.4'} 	https://github.com/camptocamp/ngeo/commit/219e3bdfe3e48393ccd2db5d492d1d5b8b5111a8
CommitInfo{repo='GitHub', hash='09e8906141d4825d715c6430554041a4a98fa593', version='2.1.0-rc.5'} 	https://github.com/camptocamp/ngeo/commit/09e8906141d4825d715c6430554041a4a98fa593
CommitInfo{repo='GitHub', hash='a3b2d2bc05080575831db78de3e8d9a03d31b9c4', version='2.1.0-rc.6'} 	https://github.com/camptocamp/ngeo/commit/a3b2d2bc05080575831db78de3e8d9a03d31b9c4
CommitInfo{repo='GitHub', hash='0bc131f90d9af70002834561b7b2ecc0aa1fbd0f', version='2.1.0-rc.7'} 	https://github.com/camptocamp/ngeo/commit/0bc131f90d9af70002834561b7b2ecc0aa1fbd0f
CommitInfo{repo='GitHub', hash='c83a9eee7f8acba93f7adeb0b1c1175b994e8ed5', version='2.1.1'} 	https://github.com/camptocamp/ngeo/commit/c83a9eee7f8acba93f7adeb0b1c1175b994e8ed5
CommitInfo{repo='GitHub', hash='0fc51df965fb9bac83f0a51ccd872842cbd07d97', version='2.1.10'} 	https://github.com/camptocamp/ngeo/commit/0fc51df965fb9bac83f0a51ccd872842cbd07d97
CommitInfo{repo='GitHub', hash='73e552dcb48e8f784541e73bd7e9a047f10587d6', version='2.1.11'} 	https://github.com/camptocamp/ngeo/commit/73e552dcb48e8f784541e73bd7e9a047f10587d6
CommitInfo{repo='GitHub', hash='a66d6eb0f5145f8ec264305aa237fbeeb4927ddf', version='2.1.2'} 	https://github.com/camptocamp/ngeo/commit/a66d6eb0f5145f8ec264305aa237fbeeb4927ddf
CommitInfo{repo='GitHub', hash='c1b2b6f9a2c3302faf2d57f943ad81786666d296', version='2.1.2-dev.1'} 	https://github.com/camptocamp/ngeo/commit/c1b2b6f9a2c3302faf2d57f943ad81786666d296
CommitInfo{repo='GitHub', hash='069100e8a8aeee47d2f5c3f1bd1f06927ab3e96a', version='2.1.2-dev.2'} 	https://github.com/camptocamp/ngeo/commit/069100e8a8aeee47d2f5c3f1bd1f06927ab3e96a
CommitInfo{repo='GitHub', hash='b4b849e09825fe11b2d057eba6c4d767ade1f820', version='2.1.2-dev.3'} 	https://github.com/camptocamp/ngeo/commit/b4b849e09825fe11b2d057eba6c4d767ade1f820
CommitInfo{repo='GitHub', hash='cba02bd983b901f4323dd0064adbbd94bc60edf9', version='2.1.2-dev.4'} 	https://github.com/camptocamp/ngeo/commit/cba02bd983b901f4323dd0064adbbd94bc60edf9
CommitInfo{repo='GitHub', hash='764201fc9f5ea1357a4fd78994502be574af38d6', version='2.1.3'} 	https://github.com/camptocamp/ngeo/commit/764201fc9f5ea1357a4fd78994502be574af38d6
CommitInfo{repo='GitHub', hash='1d568478221d4790889d5cb0daca337bcb0821b0', version='2.1.3-dev.1'} 	https://github.com/camptocamp/ngeo/commit/1d568478221d4790889d5cb0daca337bcb0821b0
CommitInfo{repo='GitHub', hash='148bee7eeaba03d4bcfed8c53b05ca00f56a8dd7', version='2.1.4'} 	https://github.com/camptocamp/ngeo/commit/148bee7eeaba03d4bcfed8c53b05ca00f56a8dd7
CommitInfo{repo='GitHub', hash='72e22ea2c464cd2a733122bbcfcc24319ed18553', version='2.1.5'} 	https://github.com/camptocamp/ngeo/commit/72e22ea2c464cd2a733122bbcfcc24319ed18553
CommitInfo{repo='GitHub', hash='576031b022549ebf6995c28ae0197de0b2ff48df', version='2.1.5.1'} 	https://github.com/camptocamp/ngeo/commit/576031b022549ebf6995c28ae0197de0b2ff48df
CommitInfo{repo='GitHub', hash='0672bfcba8b8f01c04fd7aa31ec039ece1ed0089', version='2.1.6'} 	https://github.com/camptocamp/ngeo/commit/0672bfcba8b8f01c04fd7aa31ec039ece1ed0089
CommitInfo{repo='GitHub', hash='5365a0d4b3888c2a77162fa34aa82cb0b57f4a30', version='2.1.7'} 	https://github.com/camptocamp/ngeo/commit/5365a0d4b3888c2a77162fa34aa82cb0b57f4a30
CommitInfo{repo='GitHub', hash='fcfa9e5826837ef29c219d362c0b5401c6b4ca74', version='2.1.8'} 	https://github.com/camptocamp/ngeo/commit/fcfa9e5826837ef29c219d362c0b5401c6b4ca74
CommitInfo{repo='GitHub', hash='9258180e34b1a4a590ea48bb47a391a94237b1b8', version='2.1.9'} 	https://github.com/camptocamp/ngeo/commit/9258180e34b1a4a590ea48bb47a391a94237b1b8
CommitInfo{repo='GitHub', hash='5432d0ac5eaaf4c5a21a4e6c62826feea57c2fd6', version='2.2.0'} 	https://github.com/camptocamp/ngeo/commit/5432d0ac5eaaf4c5a21a4e6c62826feea57c2fd6
CommitInfo{repo='GitHub', hash='bfad57bb36591cdd7f4a862e93e0162128d621f1', version='2.2.0-dev.1'} 	https://github.com/camptocamp/ngeo/commit/bfad57bb36591cdd7f4a862e93e0162128d621f1
CommitInfo{repo='GitHub', hash='a609bb53d9c372f577deb2a5960aebe3adc3591a', version='2.2.0-dev.10'} 	https://github.com/camptocamp/ngeo/commit/a609bb53d9c372f577deb2a5960aebe3adc3591a
CommitInfo{repo='GitHub', hash='ab7448defc2a791cedbb0b22704db01113ceeaf8', version='2.2.0-dev.11'} 	https://github.com/camptocamp/ngeo/commit/ab7448defc2a791cedbb0b22704db01113ceeaf8
CommitInfo{repo='GitHub', hash='9e419dfdb65728ca7d88dc977ae4f404734f7a34', version='2.2.0-dev.12'} 	https://github.com/camptocamp/ngeo/commit/9e419dfdb65728ca7d88dc977ae4f404734f7a34
CommitInfo{repo='GitHub', hash='eb68b7df42823cf765308df305241e05debfe58a', version='2.2.0-dev.13'} 	https://github.com/camptocamp/ngeo/commit/eb68b7df42823cf765308df305241e05debfe58a
CommitInfo{repo='GitHub', hash='d94db619bbeb0251f1d471d06ebcbbe56abb98cf', version='2.2.0-dev.14'} 	https://github.com/camptocamp/ngeo/commit/d94db619bbeb0251f1d471d06ebcbbe56abb98cf
CommitInfo{repo='GitHub', hash='b7e4095f36cdf5444c146112095dce36d9e5d02e', version='2.2.0-dev.15'} 	https://github.com/camptocamp/ngeo/commit/b7e4095f36cdf5444c146112095dce36d9e5d02e
CommitInfo{repo='GitHub', hash='8b1279d46cabdda382f45039af6d8099e30305e1', version='2.2.0-dev.16'} 	https://github.com/camptocamp/ngeo/commit/8b1279d46cabdda382f45039af6d8099e30305e1
CommitInfo{repo='GitHub', hash='f8a691851c3e887ef000c728b4416a061c6affa8', version='2.2.0-dev.2'} 	https://github.com/camptocamp/ngeo/commit/f8a691851c3e887ef000c728b4416a061c6affa8
CommitInfo{repo='GitHub', hash='612aa9f56f3481fab9146d8b4b24836814f643cd', version='2.2.0-dev.3'} 	https://github.com/camptocamp/ngeo/commit/612aa9f56f3481fab9146d8b4b24836814f643cd
CommitInfo{repo='GitHub', hash='b3e30033fb84784424bc5195c29cf7969b392cb6', version='2.2.0-dev.4'} 	https://github.com/camptocamp/ngeo/commit/b3e30033fb84784424bc5195c29cf7969b392cb6
CommitInfo{repo='GitHub', hash='39a57cd09329bdc84a37844b6e22953ca638fbc1', version='2.2.0-dev.5'} 	https://github.com/camptocamp/ngeo/commit/39a57cd09329bdc84a37844b6e22953ca638fbc1
CommitInfo{repo='GitHub', hash='27f34140c2734eb78b1fe7537cc0fc86121a27e7', version='2.2.0-dev.6'} 	https://github.com/camptocamp/ngeo/commit/27f34140c2734eb78b1fe7537cc0fc86121a27e7
CommitInfo{repo='GitHub', hash='f426d714d900943bf59dfc90dff1fbba007603b2', version='2.2.0-dev.7'} 	https://github.com/camptocamp/ngeo/commit/f426d714d900943bf59dfc90dff1fbba007603b2
CommitInfo{repo='GitHub', hash='04ec0f942d674631eae46d7f338452b74c0de037', version='2.2.0-dev.8'} 	https://github.com/camptocamp/ngeo/commit/04ec0f942d674631eae46d7f338452b74c0de037
CommitInfo{repo='GitHub', hash='d13f5246d745675d2a4776ccfa6fa0628fa4f682', version='2.2.0-dev.9'} 	https://github.com/camptocamp/ngeo/commit/d13f5246d745675d2a4776ccfa6fa0628fa4f682
CommitInfo{repo='GitHub', hash='28091bdbc3354cebdbe973068d556b35fd2fc29d', version='2.2.0-rc.1'} 	https://github.com/camptocamp/ngeo/commit/28091bdbc3354cebdbe973068d556b35fd2fc29d
CommitInfo{repo='GitHub', hash='1f36e99dffe8d1ffd89bd799c5117d7e6d9c24a5', version='2.2.0-rc.2'} 	https://github.com/camptocamp/ngeo/commit/1f36e99dffe8d1ffd89bd799c5117d7e6d9c24a5
CommitInfo{repo='GitHub', hash='9afca42e50b32d442dfbca03d2acb0e9370d6927', version='2.2.0-rc.3'} 	https://github.com/camptocamp/ngeo/commit/9afca42e50b32d442dfbca03d2acb0e9370d6927
CommitInfo{repo='GitHub', hash='425f202c526b35b1238a5bdf10036cbd6ded46d7', version='2.2.0-rc.4'} 	https://github.com/camptocamp/ngeo/commit/425f202c526b35b1238a5bdf10036cbd6ded46d7
CommitInfo{repo='GitHub', hash='5aede6eda19fe7bbcd07b76be77c93cb42e1caba', version='2.2.0-rc.5'} 	https://github.com/camptocamp/ngeo/commit/5aede6eda19fe7bbcd07b76be77c93cb42e1caba
CommitInfo{repo='GitHub', hash='2ca988b45254683bb3233ac3bbd534ec1d232207', version='2.2.1'} 	https://github.com/camptocamp/ngeo/commit/2ca988b45254683bb3233ac3bbd534ec1d232207
CommitInfo{repo='GitHub', hash='40bae6eca479287d388c58e62ce5cecaf7710ea4', version='2.2.2'} 	https://github.com/camptocamp/ngeo/commit/40bae6eca479287d388c58e62ce5cecaf7710ea4
CommitInfo{repo='GitHub', hash='8d2a9b84391a23b162964136ae96ac5915295fc3', version='2.2.2-dev.1'} 	https://github.com/camptocamp/ngeo/commit/8d2a9b84391a23b162964136ae96ac5915295fc3
CommitInfo{repo='GitHub', hash='e1ac1e1d99a4651237d909ff8511996dbf45bf22', version='2.2.2-dev.2'} 	https://github.com/camptocamp/ngeo/commit/e1ac1e1d99a4651237d909ff8511996dbf45bf22
CommitInfo{repo='GitHub', hash='44401575ca93925e57b5e09c427c2c2cea9721c6', version='2.2.2-dev.3'} 	https://github.com/camptocamp/ngeo/commit/44401575ca93925e57b5e09c427c2c2cea9721c6
CommitInfo{repo='GitHub', hash='110343ad30ad74cbc9fb3b75751d492344fa9d15', version='2.2.3'} 	https://github.com/camptocamp/ngeo/commit/110343ad30ad74cbc9fb3b75751d492344fa9d15
CommitInfo{repo='GitHub', hash='6135a15d96b22914bed3cf78853806ca863a06e0', version='2.2.4'} 	https://github.com/camptocamp/ngeo/commit/6135a15d96b22914bed3cf78853806ca863a06e0
CommitInfo{repo='GitHub', hash='d79d8452249776f8574e596a97eacc6fef12a350', version='2.2.5'} 	https://github.com/camptocamp/ngeo/commit/d79d8452249776f8574e596a97eacc6fef12a350
CommitInfo{repo='GitHub', hash='6f94b712f7239ad3c6b538fda34aa335cfb57aa1', version='2.2.6'} 	https://github.com/camptocamp/ngeo/commit/6f94b712f7239ad3c6b538fda34aa335cfb57aa1
CommitInfo{repo='GitHub', hash='ee99fd4141e5f46fd00e1773f18111efc2928ec0', version='2.2.7'} 	https://github.com/camptocamp/ngeo/commit/ee99fd4141e5f46fd00e1773f18111efc2928ec0
CommitInfo{repo='GitHub', hash='c53d84268ad9e4b1c60b2a53df19be70e3f42398', version='2.3.0'} 	https://github.com/camptocamp/ngeo/commit/c53d84268ad9e4b1c60b2a53df19be70e3f42398
CommitInfo{repo='GitHub', hash='0724416263e53c449a4b89a2de6b8ee85b40236b', version='2.3.0-dev.1'} 	https://github.com/camptocamp/ngeo/commit/0724416263e53c449a4b89a2de6b8ee85b40236b
CommitInfo{repo='GitHub', hash='cf8859064413bc2673f3072cf1969f54b1286f71', version='2.3.0-dev.10'} 	https://github.com/camptocamp/ngeo/commit/cf8859064413bc2673f3072cf1969f54b1286f71
CommitInfo{repo='GitHub', hash='c1afcda5dfddad8b931473ea8b02bea7f17b9f2d', version='2.3.0-dev.11'} 	https://github.com/camptocamp/ngeo/commit/c1afcda5dfddad8b931473ea8b02bea7f17b9f2d
CommitInfo{repo='GitHub', hash='3dc4d3ce25e223247af445e4cf04fd85e474faef', version='2.3.0-dev.12'} 	https://github.com/camptocamp/ngeo/commit/3dc4d3ce25e223247af445e4cf04fd85e474faef
CommitInfo{repo='GitHub', hash='15ea889be7c3020c3f29cef2df1da6eacc7f2ce2', version='2.3.0-dev.13'} 	https://github.com/camptocamp/ngeo/commit/15ea889be7c3020c3f29cef2df1da6eacc7f2ce2
CommitInfo{repo='GitHub', hash='15ea889be7c3020c3f29cef2df1da6eacc7f2ce2', version='2.3.0-dev.13'} 	https://github.com/camptocamp/ngeo/commit/15ea889be7c3020c3f29cef2df1da6eacc7f2ce2
CommitInfo{repo='GitHub', hash='15ea889be7c3020c3f29cef2df1da6eacc7f2ce2', version='2.3.0-dev.13'} 	https://github.com/camptocamp/ngeo/commit/15ea889be7c3020c3f29cef2df1da6eacc7f2ce2
CommitInfo{repo='GitHub', hash='f40978c88453a6d70052117df1a171bcb987175b', version='2.3.0-dev14'} 	https://github.com/camptocamp/ngeo/commit/f40978c88453a6d70052117df1a171bcb987175b
CommitInfo{repo='GitHub', hash='1269fc0941da62040406f5c545f081c48545445a', version='2.3.0-dev.14'} 	https://github.com/camptocamp/ngeo/commit/1269fc0941da62040406f5c545f081c48545445a
CommitInfo{repo='GitHub', hash='8c3f13cf34834747d9387d4fb278ff09b22636f4', version='2.3.0-dev.15'} 	https://github.com/camptocamp/ngeo/commit/8c3f13cf34834747d9387d4fb278ff09b22636f4
CommitInfo{repo='GitHub', hash='8c3f13cf34834747d9387d4fb278ff09b22636f4', version='2.3.0-dev.15'} 	https://github.com/camptocamp/ngeo/commit/8c3f13cf34834747d9387d4fb278ff09b22636f4
CommitInfo{repo='GitHub', hash='a11c568639ec4031408a701aca929b64dd3e07b3', version='2.3.0-dev.16'} 	https://github.com/camptocamp/ngeo/commit/a11c568639ec4031408a701aca929b64dd3e07b3
CommitInfo{repo='GitHub', hash='85439b6d9cfa1e1f63068f210547b616f45f4481', version='2.3.0-dev.17'} 	https://github.com/camptocamp/ngeo/commit/85439b6d9cfa1e1f63068f210547b616f45f4481
CommitInfo{repo='GitHub', hash='8e076749ea909c26b2ecff7ad2ca6a28d03256e8', version='2.3.0-dev.18'} 	https://github.com/camptocamp/ngeo/commit/8e076749ea909c26b2ecff7ad2ca6a28d03256e8
CommitInfo{repo='GitHub', hash='a5f0b1a31a922ad538475dd37e58e45c4a337122', version='2.3.0-dev.19'} 	https://github.com/camptocamp/ngeo/commit/a5f0b1a31a922ad538475dd37e58e45c4a337122
CommitInfo{repo='GitHub', hash='2543c180b7a8e47e5cd3e12a5e2b2034b881dfcd', version='2.3.0-dev.2'} 	https://github.com/camptocamp/ngeo/commit/2543c180b7a8e47e5cd3e12a5e2b2034b881dfcd
CommitInfo{repo='GitHub', hash='68867504fbd19ded34de482917a8895e1dd49443', version='2.3.0-dev.20'} 	https://github.com/camptocamp/ngeo/commit/68867504fbd19ded34de482917a8895e1dd49443
CommitInfo{repo='GitHub', hash='a710a9537f8ab19b2f0c6e8ff3813531fc0bcd83', version='2.3.0-dev.21'} 	https://github.com/camptocamp/ngeo/commit/a710a9537f8ab19b2f0c6e8ff3813531fc0bcd83
CommitInfo{repo='GitHub', hash='6e853d5584e4b46db50501d65dee5a5000f4da29', version='2.3.0-dev.22'} 	https://github.com/camptocamp/ngeo/commit/6e853d5584e4b46db50501d65dee5a5000f4da29
CommitInfo{repo='GitHub', hash='0141c0e38aa00ba6de62eb4c80435fba119e667e', version='2.3.0-dev.3'} 	https://github.com/camptocamp/ngeo/commit/0141c0e38aa00ba6de62eb4c80435fba119e667e
CommitInfo{repo='GitHub', hash='9740bb885a42a34dca4941b1d3fff27f5cec0347', version='2.3.0-dev.4'} 	https://github.com/camptocamp/ngeo/commit/9740bb885a42a34dca4941b1d3fff27f5cec0347
CommitInfo{repo='GitHub', hash='e49aea75265bcba41b37ac3f198c8cbe508b6c62', version='2.3.0-dev.5'} 	https://github.com/camptocamp/ngeo/commit/e49aea75265bcba41b37ac3f198c8cbe508b6c62
CommitInfo{repo='GitHub', hash='d3330ef1d4900c1a0837056900568569ff596561', version='2.3.0-dev.6'} 	https://github.com/camptocamp/ngeo/commit/d3330ef1d4900c1a0837056900568569ff596561
CommitInfo{repo='GitHub', hash='657e7d36262971cd0fd04ecc9030394073122e29', version='2.3.0-dev.7'} 	https://github.com/camptocamp/ngeo/commit/657e7d36262971cd0fd04ecc9030394073122e29
CommitInfo{repo='GitHub', hash='a20b2b93c00a77e835745059298464e448266438', version='2.3.0-dev.8'} 	https://github.com/camptocamp/ngeo/commit/a20b2b93c00a77e835745059298464e448266438
CommitInfo{repo='GitHub', hash='9368f74ff441d84372cc4fd94a115b074e6ebc3a', version='2.3.0-dev.9'} 	https://github.com/camptocamp/ngeo/commit/9368f74ff441d84372cc4fd94a115b074e6ebc3a
CommitInfo{repo='GitHub', hash='fe3c39f36660a268873c8ea8a0e3473d948d5c19', version='2.3.0-rc.1'} 	https://github.com/camptocamp/ngeo/commit/fe3c39f36660a268873c8ea8a0e3473d948d5c19
CommitInfo{repo='GitHub', hash='fe3c39f36660a268873c8ea8a0e3473d948d5c19', version='2.3.0-rc.1'} 	https://github.com/camptocamp/ngeo/commit/fe3c39f36660a268873c8ea8a0e3473d948d5c19
CommitInfo{repo='GitHub', hash='5fa50f972a2adbd7d10fe46b50cc5fa4210b4f58', version='2.3.1'} 	https://github.com/camptocamp/ngeo/commit/5fa50f972a2adbd7d10fe46b50cc5fa4210b4f58
CommitInfo{repo='GitHub', hash='55db7c89e3283c2c1c5a39f2d71608c4d4fb8c92', version='2.3.1-dev.1'} 	https://github.com/camptocamp/ngeo/commit/55db7c89e3283c2c1c5a39f2d71608c4d4fb8c92
CommitInfo{repo='GitHub', hash='7bf8c7fb48e6e6c13c6a27bdb37e99a0ca6757ec', version='2.3.1-dev.2'} 	https://github.com/camptocamp/ngeo/commit/7bf8c7fb48e6e6c13c6a27bdb37e99a0ca6757ec
CommitInfo{repo='GitHub', hash='36cbeab67854175f6770b0ac307f7af6a4a44325', version='2.3.1-dev.3'} 	https://github.com/camptocamp/ngeo/commit/36cbeab67854175f6770b0ac307f7af6a4a44325
CommitInfo{repo='GitHub', hash='76476f41b1f27614a7238b08eceb0670c59aa424', version='2.3.1-dev.4'} 	https://github.com/camptocamp/ngeo/commit/76476f41b1f27614a7238b08eceb0670c59aa424
CommitInfo{repo='GitHub', hash='d67f29deea3e7fe3956e0713aa0a4e5e2fd4c83d', version='2.3.2-dev.1'} 	https://github.com/camptocamp/ngeo/commit/d67f29deea3e7fe3956e0713aa0a4e5e2fd4c83d
CommitInfo{repo='GitHub', hash='d57cb8bdbbe5f15701eaeb69af8b458937b4305c', version='2.3.2-dev.2'} 	https://github.com/camptocamp/ngeo/commit/d57cb8bdbbe5f15701eaeb69af8b458937b4305c
CommitInfo{repo='GitHub', hash='a77584d41efa0fbe2e89104eace75da8371b9454', version='2.3.2-dev.3'} 	https://github.com/camptocamp/ngeo/commit/a77584d41efa0fbe2e89104eace75da8371b9454
CommitInfo{repo='GitHub', hash='dbabb366c1bd68333909076db49e632ee1a5c6d3', version='2.3.3'} 	https://github.com/camptocamp/ngeo/commit/dbabb366c1bd68333909076db49e632ee1a5c6d3
CommitInfo{repo='GitHub', hash='01baa0e8733bf6fc27cd8bb0520d98983e228506', version='2.3.3-dev.1'} 	https://github.com/camptocamp/ngeo/commit/01baa0e8733bf6fc27cd8bb0520d98983e228506
CommitInfo{repo='GitHub', hash='66c89c287b9a71f2b8995044bbdf681c00e3b882', version='2.3.4'} 	https://github.com/camptocamp/ngeo/commit/66c89c287b9a71f2b8995044bbdf681c00e3b882
CommitInfo{repo='GitHub', hash='f53f9e17839d24be0da0a0cc17a2c51268d652e8', version='2.3.4-dev.1'} 	https://github.com/camptocamp/ngeo/commit/f53f9e17839d24be0da0a0cc17a2c51268d652e8
CommitInfo{repo='GitHub', hash='8bf003b227b1bb9fba09ac7e99e867203e9da0c3', version='2.3.4-dev.2'} 	https://github.com/camptocamp/ngeo/commit/8bf003b227b1bb9fba09ac7e99e867203e9da0c3
CommitInfo{repo='GitHub', hash='8717ca803d6087acdc91b81752e3d05ee625af3b', version='2.3.4-dev.3'} 	https://github.com/camptocamp/ngeo/commit/8717ca803d6087acdc91b81752e3d05ee625af3b
CommitInfo{repo='GitHub', hash='f475f98510f27e95cb17924df723d8ee5694c575', version='2.3.4-dev.4'} 	https://github.com/camptocamp/ngeo/commit/f475f98510f27e95cb17924df723d8ee5694c575
CommitInfo{repo='GitHub', hash='0287ff5d5780c4e44708142d22be023947016e80', version='2.3.4-dev.5'} 	https://github.com/camptocamp/ngeo/commit/0287ff5d5780c4e44708142d22be023947016e80
CommitInfo{repo='GitHub', hash='2f8eab7bfa010e203a85adf62bdaf41532e12af3', version='2.3.4-dev.6'} 	https://github.com/camptocamp/ngeo/commit/2f8eab7bfa010e203a85adf62bdaf41532e12af3
CommitInfo{repo='GitHub', hash='3218ffe7f80f322411ea12ff19ea406f9c09f632', version='2.3.4-dev.7'} 	https://github.com/camptocamp/ngeo/commit/3218ffe7f80f322411ea12ff19ea406f9c09f632
CommitInfo{repo='GitHub', hash='3aba57f6fb41187a5ef04286974bf15b702b41be', version='2.3.4-dev.8'} 	https://github.com/camptocamp/ngeo/commit/3aba57f6fb41187a5ef04286974bf15b702b41be
CommitInfo{repo='GitHub', hash='0d2480ad9b5319c7121838d2784bde334b048848', version='2.3.4-dev.9'} 	https://github.com/camptocamp/ngeo/commit/0d2480ad9b5319c7121838d2784bde334b048848
CommitInfo{repo='GitHub', hash='e02a1eef55b61ae9b7beab51de1f8b0e233c4100', version='2.3.5'} 	https://github.com/camptocamp/ngeo/commit/e02a1eef55b61ae9b7beab51de1f8b0e233c4100
CommitInfo{repo='GitHub', hash='b2d9da6d710bb54facee89459e90be2a41f0259d', version='2.4.0-dev.1'} 	https://github.com/camptocamp/ngeo/commit/b2d9da6d710bb54facee89459e90be2a41f0259d
CommitInfo{repo='GitHub', hash='bf2d5b407b097bf1faf9ba16b4e4d88edd7b2e0b', version='2.4.0-dev.10'} 	https://github.com/camptocamp/ngeo/commit/bf2d5b407b097bf1faf9ba16b4e4d88edd7b2e0b
CommitInfo{repo='GitHub', hash='c30f0c85747d2b65cc6becdbb4fe9987bb33c5a4', version='2.4.0-dev.11'} 	https://github.com/camptocamp/ngeo/commit/c30f0c85747d2b65cc6becdbb4fe9987bb33c5a4
CommitInfo{repo='GitHub', hash='3ac590254fb79880c3c06cc13f5584daa5633c8a', version='2.4.0-dev.12'} 	https://github.com/camptocamp/ngeo/commit/3ac590254fb79880c3c06cc13f5584daa5633c8a
CommitInfo{repo='GitHub', hash='52104af04acb7dd91b839db1c7cbb15c9c24a176', version='2.4.0-dev.2'} 	https://github.com/camptocamp/ngeo/commit/52104af04acb7dd91b839db1c7cbb15c9c24a176
CommitInfo{repo='GitHub', hash='62ab6d6be68c6aa130ffe15ef54e9f4154394630', version='2.4.0-dev.3'} 	https://github.com/camptocamp/ngeo/commit/62ab6d6be68c6aa130ffe15ef54e9f4154394630
CommitInfo{repo='GitHub', hash='c539882372e483cd88c60db42188ccec866ef19d', version='2.4.0-dev.4'} 	https://github.com/camptocamp/ngeo/commit/c539882372e483cd88c60db42188ccec866ef19d
CommitInfo{repo='GitHub', hash='401f1010dc634e8d9b804113b145db9c31e23e68', version='2.4.0-dev.5'} 	https://github.com/camptocamp/ngeo/commit/401f1010dc634e8d9b804113b145db9c31e23e68
CommitInfo{repo='GitHub', hash='9850b5aa83f2508c4c212dc22f4932cf2822c5c5', version='2.4.0-dev.6'} 	https://github.com/camptocamp/ngeo/commit/9850b5aa83f2508c4c212dc22f4932cf2822c5c5
CommitInfo{repo='GitHub', hash='e4752608bdaa6375cbfa13de845fc156cad07b80', version='2.4.0-dev.7'} 	https://github.com/camptocamp/ngeo/commit/e4752608bdaa6375cbfa13de845fc156cad07b80
CommitInfo{repo='GitHub', hash='e4752608bdaa6375cbfa13de845fc156cad07b80', version='2.4.0-dev.7'} 	https://github.com/camptocamp/ngeo/commit/e4752608bdaa6375cbfa13de845fc156cad07b80
CommitInfo{repo='GitHub', hash='a249304013020a39d08c3d946e7ae3c09af994bf', version='2.4.0-dev.8'} 	https://github.com/camptocamp/ngeo/commit/a249304013020a39d08c3d946e7ae3c09af994bf
CommitInfo{repo='GitHub', hash='bf2d5b407b097bf1faf9ba16b4e4d88edd7b2e0b', version='2.4.0-dev.9'} 	https://github.com/camptocamp/ngeo/commit/bf2d5b407b097bf1faf9ba16b4e4d88edd7b2e0b

Project A:
ProjectVersionFixed(version=0.0.1, dependency=null, time=2016-04-19 13:31:51 UTC)
ProjectVersionFixed(version=0.0.2, dependency=null, time=2016-04-19 15:59:32 UTC)
ProjectVersionFixed(version=2.1.0-alpha.4, dependency=1.5.5, time=2016-05-02 13:20:19 UTC),	Latest, "null"

ProjectVersionFixed(version=2.1.0-dev.4, dependency=1.5.5, time=2016-05-02 14:56:33 UTC),	Latest, "null"

ProjectVersionFixed(version=2.1.0-dev.5, dependency=1.5.5, time=2016-05-04 07:39:56 UTC),	Latest, "null"

ProjectVersionFixed(version=2.1.0-dev.6, dependency=1.5.5, time=2016-05-04 12:23:15 UTC),	Latest, "null"

ProjectVersionFixed(version=2.1.0-dev.7, dependency=1.5.5, time=2016-05-11 11:58:21 UTC),	Latest, "null"

ProjectVersionFixed(version=2.1.0-dev.8, dependency=1.5.6, time=2016-06-10 13:47:26 UTC),	Latest, "null"

ProjectVersionFixed(version=2.1.0-dev.9, dependency=1.5.6, time=2016-06-14 10:11:47 UTC),	Latest, "null"

ProjectVersionFixed(version=2.1.0-dev.10, dependency=1.5.7, time=2016-06-21 14:17:33 UTC),	Latest, "null"

ProjectVersionFixed(version=2.1.0-dev.11, dependency=1.5.7, time=2016-06-29 13:49:04 UTC),	Latest, "null"

ProjectVersionFixed(version=2.1.0-dev.12, dependency=1.5.7, time=2016-07-13 16:07:15 UTC),	Latest, "null"

ProjectVersionFixed(version=2.1.0-dev.13, dependency=1.5.8, time=2016-07-28 11:38:52 UTC),	Latest, "null"

ProjectVersionFixed(version=2.1.0-dev.14, dependency=1.5.8, time=2016-08-26 08:19:46 UTC),	Latest, "null"

ProjectVersionFixed(version=2.1.0-dev.15, dependency=1.5.8, time=2016-09-07 14:07:41 UTC),	Latest, "null"

ProjectVersionFixed(version=2.1.0-dev.16, dependency=1.5.8, time=2016-09-08 07:09:17 UTC),	Latest, "null"

ProjectVersionFixed(version=2.1.0-dev.17, dependency=1.5.8, time=2016-09-13 16:19:59 UTC),	Latest, "null"

ProjectVersionFixed(version=2.1.0-dev.18, dependency=1.5.8, time=2016-09-23 14:50:28 UTC),	Latest, "null"

ProjectVersionFixed(version=2.1.0-rc.1, dependency=1.5.8, time=2016-10-04 14:14:53 UTC),	Latest, "null"

ProjectVersionFixed(version=2.1.0-rc.2, dependency=1.5.8, time=2016-11-11 14:38:07 UTC),	Latest, "DependencyVersion(version=1.6.0-rc.0, time=2016-10-27 20:15:46 UTC)"

ProjectVersionFixed(version=2.1.0-rc.3, dependency=1.5.8, time=2016-11-14 09:53:27 UTC),	Latest, "DependencyVersion(version=1.6.0-rc.0, time=2016-10-27 20:15:46 UTC)"

ProjectVersionFixed(version=2.1.0-rc.4, dependency=1.5.8, time=2016-11-15 08:38:57 UTC),	Latest, "DependencyVersion(version=1.6.0-rc.0, time=2016-10-27 20:15:46 UTC)"

ProjectVersionFixed(version=2.1.0-dev.23, dependency=1.5.9, time=2016-11-28 16:35:44 UTC),	Latest, "DependencyVersion(version=1.6.0-rc.2, time=2016-11-24 22:08:57 UTC)"

ProjectVersionFixed(version=2.1.0-dev.24, dependency=1.5.9, time=2016-12-07 16:27:21 UTC),	Latest, "DependencyVersion(version=1.6.0-rc.2, time=2016-11-24 22:08:57 UTC)"

ProjectVersionFixed(version=2.1.0-dev.25, dependency=1.5.9, time=2016-12-09 07:36:05 UTC),	Latest, "DependencyVersion(version=1.6.0, time=2016-12-08 12:17:54 UTC)"

ProjectVersionFixed(version=2.1.0-rc.5, dependency=1.5.9, time=2017-01-13 08:51:47 UTC),	Latest, "DependencyVersion(version=1.6.1, time=2016-12-23 11:02:51 UTC)"

ProjectVersionFixed(version=2.1.0-rc.6, dependency=1.5.9, time=2017-01-13 13:23:33 UTC),	Latest, "DependencyVersion(version=1.6.1, time=2016-12-23 11:02:51 UTC)"

ProjectVersionFixed(version=2.1.0-rc.7, dependency=1.5.9, time=2017-01-13 15:49:25 UTC),	Latest, "DependencyVersion(version=1.6.1, time=2016-12-23 11:02:51 UTC)"

ProjectVersionFixed(version=2.1.0-dev.26, dependency=1.5.9, time=2017-01-25 07:55:34 UTC),	Latest, "DependencyVersion(version=1.6.1, time=2016-12-23 11:02:51 UTC)"

ProjectVersionFixed(version=2.1.0, dependency=1.5.9, time=2017-01-26 13:01:20 UTC),	Latest, "DependencyVersion(version=1.6.1, time=2016-12-23 11:02:51 UTC)"

ProjectVersionFixed(version=2.1.1, dependency=1.5.9, time=2017-01-26 14:55:53 UTC),	Latest, "DependencyVersion(version=1.6.1, time=2016-12-23 11:02:51 UTC)"

ProjectVersionFixed(version=2.1.2-dev.1, dependency=1.5.9, time=2017-02-20 07:33:24 UTC),	Latest, "DependencyVersion(version=1.6.2, time=2017-02-07 14:01:25 UTC)"

ProjectVersionFixed(version=2.1.2-dev.3, dependency=1.5.9, time=2017-03-15 13:50:15 UTC),	Latest, "DependencyVersion(version=1.6.3, time=2017-03-08 12:39:59 UTC)"

ProjectVersionFixed(version=2.1.2-dev.4, dependency=1.5.9, time=2017-03-21 15:25:11 UTC),	Latest, "DependencyVersion(version=1.6.3, time=2017-03-08 12:39:59 UTC)"

ProjectVersionFixed(version=2.1.2, dependency=1.5.9, time=2017-03-22 21:35:19 UTC),	Latest, "DependencyVersion(version=1.6.3, time=2017-03-08 12:39:59 UTC)"

ProjectVersionFixed(version=2.1.3-dev.1, dependency=null, time=2017-03-30 06:56:58 UTC)
ProjectVersionFixed(version=2.1.3, dependency=1.5.9, time=2017-04-28 13:46:24 UTC),	Latest, "DependencyVersion(version=1.6.4, time=2017-03-31 09:33:49 UTC)"

ProjectVersionFixed(version=2.1.4, dependency=1.5.9, time=2017-05-02 08:14:56 UTC),	Latest, "DependencyVersion(version=1.6.4, time=2017-03-31 09:33:49 UTC)"

ProjectVersionFixed(version=2.1.5, dependency=1.5.9, time=2017-06-12 09:14:23 UTC),	Latest, "DependencyVersion(version=1.6.4, time=2017-03-31 09:33:49 UTC)"

ProjectVersionFixed(version=2.1.6, dependency=null, time=2017-06-12 12:15:58 UTC)
ProjectVersionFixed(version=2.1.7, dependency=1.5.9, time=2017-06-12 16:56:47 UTC),	Latest, "DependencyVersion(version=1.6.4, time=2017-03-31 09:33:49 UTC)"

ProjectVersionFixed(version=2.1.8, dependency=1.5.9, time=2017-08-31 07:41:01 UTC),	Latest, "DependencyVersion(version=1.6.6, time=2017-08-18 14:42:08 UTC)"

ProjectVersionFixed(version=2.1.9, dependency=null, time=2017-11-07 18:59:46 UTC)
ProjectVersionFixed(version=2.1.10, dependency=1.5.9, time=2017-11-08 09:46:59 UTC),	Latest, "DependencyVersion(version=1.6.6, time=2017-08-18 14:42:08 UTC)"

ProjectVersionFixed(version=2.1.11, dependency=1.5.9, time=2017-11-22 13:58:06 UTC),	Latest, "DependencyVersion(version=1.6.6, time=2017-08-18 14:42:08 UTC)"

ProjectVersionFixed(version=2.2.0-dev.1, dependency=1.6.1, time=2017-01-10 09:38:51 UTC),	Latest, "null"

ProjectVersionFixed(version=2.2.0-dev.2, dependency=1.6.1, time=2017-01-11 13:39:47 UTC),	Latest, "null"

ProjectVersionFixed(version=2.2.0-dev.3, dependency=1.6.1, time=2017-01-12 13:54:10 UTC),	Latest, "null"

ProjectVersionFixed(version=2.2.0-dev.4, dependency=1.6.1, time=2017-01-26 07:18:41 UTC),	Latest, "null"

ProjectVersionFixed(version=2.2.0-dev.5, dependency=1.6.1, time=2017-02-09 11:53:21 UTC),	Latest, "DependencyVersion(version=1.6.2, time=2017-02-07 14:01:25 UTC)"

ProjectVersionFixed(version=2.2.0-dev.6, dependency=1.6.2, time=2017-02-21 15:00:26 UTC),	Latest, "null"

ProjectVersionFixed(version=2.2.0-dev.7, dependency=1.6.2, time=2017-03-07 14:31:42 UTC),	Latest, "null"

ProjectVersionFixed(version=2.2.0-dev.9, dependency=1.6.3, time=2017-03-15 15:13:13 UTC),	Latest, "null"

ProjectVersionFixed(version=2.2.0-dev.10, dependency=1.6.4, time=2017-05-03 16:34:55 UTC),	Latest, "null"

ProjectVersionFixed(version=2.2.0-dev.11, dependency=1.6.4, time=2017-05-04 08:17:42 UTC),	Latest, "null"

ProjectVersionFixed(version=2.2.0-rc.1, dependency=1.6.4, time=2017-06-14 09:59:39 UTC),	Latest, "null"

ProjectVersionFixed(version=2.2.0-rc.2, dependency=1.6.4, time=2017-06-16 06:24:00 UTC),	Latest, "null"

ProjectVersionFixed(version=2.2.0-dev.12, dependency=1.6.4, time=2017-06-29 10:25:25 UTC),	Latest, "null"

ProjectVersionFixed(version=2.2.0-dev.8, dependency=1.6.5, time=2017-07-24 18:52:41 UTC),	Latest, "null"

ProjectVersionFixed(version=2.2.0-dev.13, dependency=1.6.5, time=2017-07-25 05:28:32 UTC),	Latest, "null"

ProjectVersionFixed(version=2.2.0-rc.3, dependency=1.6.4, time=2017-08-04 10:59:54 UTC),	Latest, "DependencyVersion(version=1.6.5, time=2017-07-03 19:54:28 UTC)"

ProjectVersionFixed(version=2.2.0-rc.4, dependency=null, time=2017-08-04 13:18:38 UTC)
ProjectVersionFixed(version=2.2.0-rc.5, dependency=1.6.5, time=2017-08-07 12:21:30 UTC),	Latest, "null"

ProjectVersionFixed(version=2.2.0-dev.14, dependency=1.6.5, time=2017-09-01 09:10:06 UTC),	Latest, "DependencyVersion(version=1.6.6, time=2017-08-18 14:42:08 UTC)"

ProjectVersionFixed(version=2.2.0-dev.15, dependency=null, time=2017-09-04 15:29:12 UTC)
ProjectVersionFixed(version=2.2.0-dev.16, dependency=1.6.5, time=2017-09-21 08:54:36 UTC),	Latest, "DependencyVersion(version=1.6.6, time=2017-08-18 14:42:08 UTC)"

ProjectVersionFixed(version=2.2.0, dependency=1.6.5, time=2017-09-25 07:07:42 UTC),	Latest, "DependencyVersion(version=1.6.6, time=2017-08-18 14:42:08 UTC)"

ProjectVersionFixed(version=2.2.1, dependency=1.6.5, time=2017-11-22 15:15:04 UTC),	Latest, "DependencyVersion(version=1.6.6, time=2017-08-18 14:42:08 UTC)"

ProjectVersionFixed(version=2.2.2-dev.1, dependency=1.6.5, time=2018-01-17 11:12:03 UTC),	Latest, "DependencyVersion(version=1.6.8, time=2017-12-21 22:12:07 UTC)"

ProjectVersionFixed(version=2.2.2-dev.2, dependency=1.6.5, time=2018-01-17 12:30:03 UTC),	Latest, "DependencyVersion(version=1.6.8, time=2017-12-21 22:12:07 UTC)"

ProjectVersionFixed(version=2.2.2-dev.3, dependency=1.6.5, time=2018-01-19 17:13:55 UTC),	Latest, "DependencyVersion(version=1.6.8, time=2017-12-21 22:12:07 UTC)"

ProjectVersionFixed(version=2.2.2, dependency=1.6.5, time=2018-01-24 06:32:48 UTC),	Latest, "DependencyVersion(version=1.6.8, time=2017-12-21 22:12:07 UTC)"

ProjectVersionFixed(version=2.2.3, dependency=1.6.5, time=2018-06-06 06:36:24 UTC),	Latest, "DependencyVersion(version=1.7.0, time=2018-05-11 15:07:32 UTC)"

ProjectVersionFixed(version=2.2.4, dependency=1.6.5, time=2018-06-06 13:55:48 UTC),	Latest, "DependencyVersion(version=1.7.0, time=2018-05-11 15:07:32 UTC)"

ProjectVersionFixed(version=2.2.5, dependency=1.6.5, time=2018-07-05 15:57:54 UTC),	Latest, "DependencyVersion(version=1.7.2, time=2018-06-12 15:35:19 UTC)"

ProjectVersionFixed(version=2.2.6, dependency=1.6.5, time=2018-10-03 12:24:35 UTC),	Latest, "DependencyVersion(version=1.7.4, time=2018-09-07 09:35:27 UTC)"

ProjectVersionFixed(version=2.2.7, dependency=1.6.5, time=2018-11-29 08:00:12 UTC),	Latest, "DependencyVersion(version=1.7.5, time=2018-10-04 14:21:16 UTC)"

ProjectVersionFixed(version=2.3.0-dev.1, dependency=1.6.9, time=2018-02-13 11:19:54 UTC),	Latest, "null"

ProjectVersionFixed(version=2.3.0-dev.3, dependency=1.6.9, time=2018-03-15 10:24:22 UTC),	Latest, "null"

ProjectVersionFixed(version=2.3.0-dev.4, dependency=1.6.9, time=2018-03-19 11:20:01 UTC),	Latest, "null"

ProjectVersionFixed(version=2.3.0-dev.5, dependency=1.6.9, time=2018-03-21 07:35:39 UTC),	Latest, "null"

ProjectVersionFixed(version=2.3.0-dev.6, dependency=1.6.9, time=2018-03-22 09:20:22 UTC),	Latest, "null"

ProjectVersionFixed(version=2.3.0-dev.7, dependency=1.6.9, time=2018-03-27 13:32:00 UTC),	Latest, "null"

ProjectVersionFixed(version=2.3.0-dev.8, dependency=1.6.9, time=2018-03-29 10:23:15 UTC),	Latest, "null"

ProjectVersionFixed(version=2.3.0-dev.9, dependency=1.6.9, time=2018-04-10 12:07:03 UTC),	Latest, "null"

ProjectVersionFixed(version=2.3.0-dev.10, dependency=1.6.9, time=2018-04-11 08:24:03 UTC),	Latest, "null"

ProjectVersionFixed(version=2.3.0-dev.11, dependency=1.6.9, time=2018-04-12 07:13:42 UTC),	Latest, "null"

ProjectVersionFixed(version=2.3.0-rc.1, dependency=1.6.9, time=2018-04-13 11:27:55 UTC),	Latest, "null"

ProjectVersionFixed(version=2.3.0-dev.12, dependency=1.6.10, time=2018-04-18 15:33:40 UTC),	Latest, "null"

ProjectVersionFixed(version=2.3.0-dev.13, dependency=1.6.10, time=2018-04-19 12:31:57 UTC),	Latest, "DependencyVersion(version=1.7.0-rc.0, time=2018-04-19 09:14:51 UTC)"

ProjectVersionFixed(version=2.3.0-dev14, dependency=1.6.10, time=2018-04-20 15:32:07 UTC),	Latest, "DependencyVersion(version=1.7.0-rc.0, time=2018-04-19 09:14:51 UTC)"

ProjectVersionFixed(version=2.3.0-dev.14, dependency=1.6.10, time=2018-04-23 12:35:13 UTC),	Latest, "DependencyVersion(version=1.7.0-rc.0, time=2018-04-19 09:14:51 UTC)"

ProjectVersionFixed(version=2.3.0-dev.15, dependency=1.6.10, time=2018-04-23 12:52:32 UTC),	Latest, "DependencyVersion(version=1.7.0-rc.0, time=2018-04-19 09:14:51 UTC)"

ProjectVersionFixed(version=2.3.0-dev.16, dependency=1.6.10, time=2018-05-02 14:25:01 UTC),	Latest, "DependencyVersion(version=1.7.0-rc.0, time=2018-04-19 09:14:51 UTC)"

ProjectVersionFixed(version=2.3.0-dev.17, dependency=1.6.10, time=2018-05-08 14:19:57 UTC),	Latest, "DependencyVersion(version=1.7.0-rc.0, time=2018-04-19 09:14:51 UTC)"

ProjectVersionFixed(version=2.3.0-dev.18, dependency=1.6.10, time=2018-05-09 14:39:46 UTC),	Latest, "DependencyVersion(version=1.7.0-rc.0, time=2018-04-19 09:14:51 UTC)"

ProjectVersionFixed(version=2.3.0-dev.19, dependency=null, time=2018-05-14 12:51:14 UTC)
ProjectVersionFixed(version=2.3.0, dependency=1.7.0, time=2018-05-23 10:17:02 UTC),	Latest, "DependencyVersion(version=1.7.0-rc.0, time=2018-04-19 09:14:51 UTC)"

ProjectVersionFixed(version=2.3.0-dev.20, dependency=1.7.0, time=2018-05-22 14:11:19 UTC),	Latest, "DependencyVersion(version=1.7.0-rc.0, time=2018-04-19 09:14:51 UTC)"

ProjectVersionFixed(version=2.3.0-dev.21, dependency=1.7.0, time=2018-06-04 11:04:56 UTC),	Latest, "DependencyVersion(version=1.7.0-rc.0, time=2018-04-19 09:14:51 UTC)"

ProjectVersionFixed(version=2.3.0-dev.22, dependency=1.7.0, time=2018-06-04 11:29:04 UTC),	Latest, "DependencyVersion(version=1.7.0-rc.0, time=2018-04-19 09:14:51 UTC)"

ProjectVersionFixed(version=2.3.1-dev.1, dependency=1.7.0, time=2018-06-07 16:48:57 UTC),	Latest, "DependencyVersion(version=1.7.0-rc.0, time=2018-04-19 09:14:51 UTC)"

ProjectVersionFixed(version=2.3.1-dev.2, dependency=1.7.0, time=2018-06-13 10:22:04 UTC),	Latest, "DependencyVersion(version=1.7.2, time=2018-06-12 15:35:19 UTC)"

ProjectVersionFixed(version=2.3.1-dev.3, dependency=1.7.0, time=2018-06-18 11:38:39 UTC),	Latest, "DependencyVersion(version=1.7.2, time=2018-06-12 15:35:19 UTC)"

ProjectVersionFixed(version=2.3.1, dependency=1.7.0, time=2018-06-22 06:28:38 UTC),	Latest, "DependencyVersion(version=1.7.2, time=2018-06-12 15:35:19 UTC)"

ProjectVersionFixed(version=2.3.1-dev.4, dependency=1.7.0, time=2018-06-21 09:56:44 UTC),	Latest, "DependencyVersion(version=1.7.2, time=2018-06-12 15:35:19 UTC)"

ProjectVersionFixed(version=2.3.2-dev.1, dependency=1.7.0, time=2018-06-25 10:48:24 UTC),	Latest, "DependencyVersion(version=1.7.2, time=2018-06-12 15:35:19 UTC)"

ProjectVersionFixed(version=2.3.2-dev.2, dependency=1.7.0, time=2018-07-02 12:01:50 UTC),	Latest, "DependencyVersion(version=1.7.2, time=2018-06-12 15:35:19 UTC)"

ProjectVersionFixed(version=2.3.2-dev.3, dependency=1.7.0, time=2018-07-02 13:09:37 UTC),	Latest, "DependencyVersion(version=1.7.2, time=2018-06-12 15:35:19 UTC)"

ProjectVersionFixed(version=2.3.3-dev.1, dependency=1.7.0, time=2018-07-31 07:56:50 UTC),	Latest, "DependencyVersion(version=1.7.2, time=2018-06-12 15:35:19 UTC)"

ProjectVersionFixed(version=2.3.3, dependency=1.7.0, time=2018-08-03 06:14:58 UTC),	Latest, "DependencyVersion(version=1.7.2, time=2018-06-12 15:35:19 UTC)"

ProjectVersionFixed(version=2.3.4-dev.1, dependency=1.7.0, time=2018-08-06 10:26:58 UTC),	Latest, "DependencyVersion(version=1.7.2, time=2018-06-12 15:35:19 UTC)"

ProjectVersionFixed(version=2.3.4-dev.2, dependency=1.7.0, time=2018-08-15 06:32:42 UTC),	Latest, "DependencyVersion(version=1.7.3, time=2018-08-08 19:27:45 UTC)"

ProjectVersionFixed(version=2.3.4-dev.3, dependency=1.7.0, time=2018-08-20 13:31:09 UTC),	Latest, "DependencyVersion(version=1.7.3, time=2018-08-08 19:27:45 UTC)"

ProjectVersionFixed(version=2.3.4-dev.4, dependency=1.7.0, time=2018-08-24 11:19:45 UTC),	Latest, "DependencyVersion(version=1.7.3, time=2018-08-08 19:27:45 UTC)"

ProjectVersionFixed(version=2.3.4-dev.5, dependency=1.7.0, time=2018-08-29 09:34:20 UTC),	Latest, "DependencyVersion(version=1.7.3, time=2018-08-08 19:27:45 UTC)"

ProjectVersionFixed(version=2.3.4-dev.6, dependency=1.7.0, time=2018-09-03 14:09:40 UTC),	Latest, "DependencyVersion(version=1.7.3, time=2018-08-08 19:27:45 UTC)"

ProjectVersionFixed(version=2.3.4-dev.7, dependency=1.7.0, time=2018-09-06 12:03:00 UTC),	Latest, "DependencyVersion(version=1.7.3, time=2018-08-08 19:27:45 UTC)"

ProjectVersionFixed(version=2.3.4-dev.8, dependency=1.7.0, time=2018-10-04 12:12:20 UTC),	Latest, "DependencyVersion(version=1.7.4, time=2018-09-07 09:35:27 UTC)"

ProjectVersionFixed(version=2.3.4-dev.9, dependency=1.7.0, time=2018-10-26 06:49:29 UTC),	Latest, "DependencyVersion(version=1.7.5, time=2018-10-04 14:21:16 UTC)"

ProjectVersionFixed(version=2.3.4, dependency=null, time=2018-10-30 08:04:13 UTC)
ProjectVersionFixed(version=2.3.5, dependency=1.7.0, time=2018-11-30 09:35:49 UTC),	Latest, "DependencyVersion(version=1.7.5, time=2018-10-04 14:21:16 UTC)"

ProjectVersionFixed(version=2.4.0-daily.20180716T062649Z.84370ce, dependency=1.7.2, time=2018-07-16 08:29:24 UTC),	Latest, "null"

ProjectVersionFixed(version=2.4.0-daily.20180716T062649Z.84370ce.master, dependency=1.7.2, time=2018-07-16 08:31:37 UTC),	Latest, "null"

ProjectVersionFixed(version=2.4.0-daily.20180716T092301Z.76f80c4.HEAD, dependency=1.7.2, time=2018-07-16 09:43:45 UTC),	Latest, "null"

ProjectVersionFixed(version=2.4.0-daily.20180716T092328Z.491bdb9.HEAD, dependency=1.7.2, time=2018-07-16 09:41:16 UTC),	Latest, "null"

ProjectVersionFixed(version=2.4.0-daily.20180716T131857Z.056c85b.056c85b, dependency=1.7.2, time=2018-07-16 13:19:08 UTC),	Latest, "null"

ProjectVersionFixed(version=2.4.0-daily.20180716T134112Z.62ad8aa.HEAD, dependency=1.7.2, time=2018-07-16 13:59:18 UTC),	Latest, "null"

ProjectVersionFixed(version=2.4.0-daily.20180717T053550Z.1e736e5.HEAD, dependency=null, time=2018-07-17 05:54:24 UTC)
ProjectVersionFixed(version=2.4.0-daily.20180717T093436Z.31b7c57.HEAD, dependency=1.7.2, time=2018-07-17 09:56:05 UTC),	Latest, "null"

ProjectVersionFixed(version=2.4.0-daily.20180717T151141Z.5d4dccd.HEAD, dependency=1.7.2, time=2018-07-17 15:35:28 UTC),	Latest, "null"

ProjectVersionFixed(version=2.4.0-daily.20180718T071645Z.5eb6a3d.HEAD, dependency=null, time=2018-07-18 07:34:05 UTC)
ProjectVersionFixed(version=2.4.0-daily.20180718T144605Z.cd3c064.HEAD, dependency=1.7.2, time=2018-07-18 15:10:36 UTC),	Latest, "null"

ProjectVersionFixed(version=2.4.0-daily.20180719T090920Z.123d99a.HEAD, dependency=1.7.2, time=2018-07-19 09:46:48 UTC),	Latest, "null"

ProjectVersionFixed(version=2.4.0-daily.20180720T104744Z.348185e.HEAD, dependency=null, time=2018-07-20 11:08:12 UTC)
ProjectVersionFixed(version=2.4.0-daily.20180723T065128Z.33a720a.HEAD, dependency=1.7.2, time=2018-07-23 07:10:25 UTC),	Latest, "null"

ProjectVersionFixed(version=2.4.0-daily.20180723T065158Z.cfbea6f.HEAD, dependency=1.7.2, time=2018-07-23 07:10:02 UTC),	Latest, "null"

ProjectVersionFixed(version=2.4.0-daily.20180723T131717Z.0a81132.HEAD, dependency=1.7.2, time=2018-07-23 13:43:42 UTC),	Latest, "null"

ProjectVersionFixed(version=2.4.0-daily.20180724T115011Z.5180333.HEAD, dependency=1.7.2, time=2018-07-24 12:16:18 UTC),	Latest, "null"

ProjectVersionFixed(version=2.4.0-daily.20180725T055035Z.38f2512.HEAD, dependency=1.7.2, time=2018-07-25 06:08:22 UTC),	Latest, "null"

ProjectVersionFixed(version=2.4.0-daily.20180725T084526Z.282abd0.HEAD, dependency=1.7.2, time=2018-07-25 09:04:24 UTC),	Latest, "null"

ProjectVersionFixed(version=2.4.0-daily.20180726T082035Z.7e5d14e.HEAD, dependency=1.7.2, time=2018-07-26 10:08:18 UTC),	Latest, "null"

ProjectVersionFixed(version=2.4.0-daily.20180726T085339Z.4e5d61c.HEAD, dependency=1.7.2, time=2018-07-26 09:15:46 UTC),	Latest, "null"

ProjectVersionFixed(version=2.4.0-daily.20180727T062917Z.49e8106.HEAD, dependency=1.7.2, time=2018-07-27 06:48:51 UTC),	Latest, "null"

ProjectVersionFixed(version=2.4.0-dev.20180727T065904Z.a601dd7.HEAD, dependency=1.7.2, time=2018-07-27 07:21:18 UTC),	Latest, "null"

ProjectVersionFixed(version=2.4.0-dev.20180727T073850Z.6a5e75f.HEAD, dependency=1.7.2, time=2018-07-27 08:12:23 UTC),	Latest, "null"

ProjectVersionFixed(version=2.4.0-latest.20180727T081517Z.f1a2745.HEAD, dependency=1.7.2, time=2018-07-27 08:33:40 UTC),	Latest, "null"

ProjectVersionFixed(version=2.4.0-latest.20180727T111050Z.f6b898f.HEAD, dependency=1.7.2, time=2018-07-27 11:33:28 UTC),	Latest, "null"

ProjectVersionFixed(version=2.4.0-latest.20180727T124310Z.5b8576b.HEAD, dependency=1.7.2, time=2018-07-27 13:04:30 UTC),	Latest, "null"

ProjectVersionFixed(version=2.4.0-latest.20180727T140034Z.345a0c4.HEAD, dependency=1.7.2, time=2018-07-27 14:14:16 UTC),	Latest, "null"

ProjectVersionFixed(version=2.4.0-latest.20180727T213031Z.e0dbc60.HEAD, dependency=1.7.2, time=2018-07-27 21:44:10 UTC),	Latest, "null"

ProjectVersionFixed(version=2.4.0-latest.20180730T053403Z.2cba0ae.HEAD, dependency=1.7.2, time=2018-07-30 05:46:08 UTC),	Latest, "null"

ProjectVersionFixed(version=2.4.0-latest.20180730T071951Z.9d840f9.HEAD, dependency=1.7.2, time=2018-07-30 07:33:42 UTC),	Latest, "null"

ProjectVersionFixed(version=2.4.0-latest.20180802T062330Z.85c7691.HEAD, dependency=1.7.2, time=2018-08-02 06:37:06 UTC),	Latest, "null"

ProjectVersionFixed(version=2.4.0-latest.20180802T131738Z.686ae2a.HEAD, dependency=1.7.2, time=2018-08-02 14:06:55 UTC),	Latest, "null"

ProjectVersionFixed(version=2.4.0-latest.20180803T052328Z.0f8024a.HEAD, dependency=1.7.2, time=2018-08-03 05:34:55 UTC),	Latest, "null"

ProjectVersionFixed(version=2.4.0-latest.20180803T055217Z.2375fdd.HEAD, dependency=1.7.2, time=2018-08-03 06:05:03 UTC),	Latest, "null"

ProjectVersionFixed(version=2.4.0-latest.20180803T081800Z.146a894.HEAD, dependency=1.7.2, time=2018-08-03 08:32:24 UTC),	Latest, "null"

ProjectVersionFixed(version=2.4.0-latest.20180803T093049Z.4ddde33.HEAD, dependency=1.7.2, time=2018-08-03 09:45:24 UTC),	Latest, "null"

ProjectVersionFixed(version=2.4.0-latest.20180803T132648Z.475a9a7.HEAD, dependency=1.7.2, time=2018-08-03 13:41:49 UTC),	Latest, "null"

ProjectVersionFixed(version=2.4.0-latest.20180805T143351Z.bf8ef36.HEAD, dependency=1.7.2, time=2018-08-05 14:46:47 UTC),	Latest, "null"

ProjectVersionFixed(version=2.4.0-latest.20180806T080851Z.53f8d1f.HEAD, dependency=1.7.2, time=2018-08-06 08:23:08 UTC),	Latest, "null"

ProjectVersionFixed(version=2.4.0-latest.20180806T120942Z.b6ad8e2.HEAD, dependency=1.7.2, time=2018-08-06 12:24:03 UTC),	Latest, "null"

ProjectVersionFixed(version=2.4.0-latest.20180806T132308Z.7c8b1cc.HEAD, dependency=1.7.2, time=2018-08-07 08:34:05 UTC),	Latest, "null"

ProjectVersionFixed(version=2.4.0-latest.20180807T055725Z.ab1e8a6.HEAD, dependency=null, time=2018-08-07 06:10:53 UTC)
ProjectVersionFixed(version=2.4.0-latest.20180807T111659Z.ace5305.HEAD, dependency=1.7.2, time=2018-08-07 11:31:16 UTC),	Latest, "null"

ProjectVersionFixed(version=2.4.0-latest.20180807T122205Z.57643eb.HEAD, dependency=1.7.2, time=2018-08-07 12:47:13 UTC),	Latest, "null"

ProjectVersionFixed(version=2.4.0-latest.20180807T124756Z.78c4ceb.HEAD, dependency=1.7.2, time=2018-08-07 13:27:52 UTC),	Latest, "null"

ProjectVersionFixed(version=2.4.0-latest.20180809T054004Z.9e1678e.HEAD, dependency=1.7.2, time=2018-08-09 05:54:37 UTC),	Latest, "DependencyVersion(version=1.7.3, time=2018-08-08 19:27:45 UTC)"

ProjectVersionFixed(version=2.4.0-latest.20180809T054042Z.c882d8b.HEAD, dependency=1.7.2, time=2018-08-09 05:53:43 UTC),	Latest, "DependencyVersion(version=1.7.3, time=2018-08-08 19:27:45 UTC)"

ProjectVersionFixed(version=2.4.0-latest.20180809T094722Z.e6a4d50.HEAD, dependency=1.7.2, time=2018-08-09 10:04:45 UTC),	Latest, "DependencyVersion(version=1.7.3, time=2018-08-08 19:27:45 UTC)"

ProjectVersionFixed(version=2.4.0-latest.20180809T133209Z.881a661.HEAD, dependency=1.7.2, time=2018-08-09 13:55:21 UTC),	Latest, "DependencyVersion(version=1.7.3, time=2018-08-08 19:27:45 UTC)"

ProjectVersionFixed(version=2.4.0-latest.20180809T134405Z.12fa8d1.HEAD, dependency=1.7.2, time=2018-08-09 14:04:41 UTC),	Latest, "DependencyVersion(version=1.7.3, time=2018-08-08 19:27:45 UTC)"

ProjectVersionFixed(version=2.4.0-latest.20180810T055903Z.449ec86.HEAD, dependency=1.7.2, time=2018-08-10 06:13:01 UTC),	Latest, "DependencyVersion(version=1.7.3, time=2018-08-08 19:27:45 UTC)"

ProjectVersionFixed(version=2.4.0-latest.20180810T055927Z.76fe49d.HEAD, dependency=1.7.2, time=2018-08-10 06:14:14 UTC),	Latest, "DependencyVersion(version=1.7.3, time=2018-08-08 19:27:45 UTC)"

ProjectVersionFixed(version=2.4.0-latest.20180810T112122Z.4fe7489.HEAD, dependency=1.7.2, time=2018-08-10 11:35:45 UTC),	Latest, "DependencyVersion(version=1.7.3, time=2018-08-08 19:27:45 UTC)"

ProjectVersionFixed(version=2.4.0-latest.20180813T080200Z.6520a66.HEAD, dependency=1.7.2, time=2018-08-13 08:33:33 UTC),	Latest, "DependencyVersion(version=1.7.3, time=2018-08-08 19:27:45 UTC)"

ProjectVersionFixed(version=2.4.0-latest.20180814T055600Z.e9fc809.HEAD, dependency=1.7.3, time=2018-08-14 06:09:32 UTC),	Latest, "null"

ProjectVersionFixed(version=2.4.0-latest.20180814T080645Z.2abbb91.HEAD, dependency=1.7.3, time=2018-08-14 08:22:42 UTC),	Latest, "null"

ProjectVersionFixed(version=2.4.0-latest.20180814T102859Z.c7e08b6.HEAD, dependency=1.7.3, time=2018-08-14 10:43:32 UTC),	Latest, "null"

ProjectVersionFixed(version=2.4.0-latest.20180815T054227Z.4a72ce9.HEAD, dependency=1.7.3, time=2018-08-15 05:57:27 UTC),	Latest, "null"

ProjectVersionFixed(version=2.4.0-latest.20180815T060959Z.24905c4.HEAD, dependency=1.7.3, time=2018-08-15 06:27:06 UTC),	Latest, "null"

ProjectVersionFixed(version=2.4.0-latest.20180815T072514Z.14fca8d.HEAD, dependency=1.7.3, time=2018-08-15 07:39:37 UTC),	Latest, "null"

ProjectVersionFixed(version=2.4.0-latest.20180815T122623Z.49f8f3e.HEAD, dependency=1.7.3, time=2018-08-15 12:47:03 UTC),	Latest, "null"

ProjectVersionFixed(version=2.4.0-latest.20180816T115326Z.2daa683.HEAD, dependency=1.7.3, time=2018-08-16 12:07:45 UTC),	Latest, "null"

ProjectVersionFixed(version=2.4.0-latest.20180817T124516Z.ac3948c.HEAD, dependency=null, time=2018-08-20 08:07:24 UTC)
ProjectVersionFixed(version=2.4.0-latest.20180820T053827Z.b7fb946.HEAD, dependency=1.7.3, time=2018-08-20 08:08:30 UTC),	Latest, "null"

ProjectVersionFixed(version=2.4.0-latest.20180820T053848Z.6ea4967.HEAD, dependency=1.7.3, time=2018-08-20 05:51:21 UTC),	Latest, "null"

ProjectVersionFixed(version=2.4.0-latest.20180821T054625Z.d02b8bd.HEAD, dependency=1.7.3, time=2018-08-21 06:02:50 UTC),	Latest, "null"

ProjectVersionFixed(version=2.4.0-latest.20180821T054639Z.b672414.HEAD, dependency=1.7.3, time=2018-08-21 06:00:11 UTC),	Latest, "null"

ProjectVersionFixed(version=2.4.0-latest.20180821T093840Z.dae03b1.HEAD, dependency=1.7.3, time=2018-08-21 09:53:19 UTC),	Latest, "null"

ProjectVersionFixed(version=2.4.0-latest.20180821T131927Z.a4ee2a9.HEAD, dependency=1.7.3, time=2018-08-21 13:34:10 UTC),	Latest, "null"

ProjectVersionFixed(version=2.4.0-latest.20180821T140339Z.a2ee183.HEAD, dependency=1.7.3, time=2018-08-21 14:22:06 UTC),	Latest, "null"

ProjectVersionFixed(version=2.4.0-latest.20180821T142948Z.7b49553.HEAD, dependency=1.7.3, time=2018-08-21 14:45:15 UTC),	Latest, "null"

ProjectVersionFixed(version=2.4.0-latest.20180822T104024Z.bede921.HEAD, dependency=1.7.3, time=2018-08-22 10:54:43 UTC),	Latest, "null"

ProjectVersionFixed(version=2.4.0-latest.20180822T110116Z.55d1506.HEAD, dependency=1.7.3, time=2018-08-22 11:16:06 UTC),	Latest, "null"

ProjectVersionFixed(version=2.4.0-latest.20180823T085351Z.2366be6.HEAD, dependency=1.7.3, time=2018-08-23 09:09:45 UTC),	Latest, "null"

ProjectVersionFixed(version=2.4.0-latest.20180823T115723Z.3505996.HEAD, dependency=1.7.3, time=2018-08-23 12:47:39 UTC),	Latest, "null"

ProjectVersionFixed(version=2.4.0-latest.20180823T124925Z.02b3e8c.HEAD, dependency=1.7.3, time=2018-08-23 13:04:57 UTC),	Latest, "null"

ProjectVersionFixed(version=2.4.0-latest.20180823T145338Z.aa02a07.HEAD, dependency=null, time=2018-08-23 15:15:06 UTC)
ProjectVersionFixed(version=2.4.0-latest.20180824T065149Z.e826861.HEAD, dependency=1.7.3, time=2018-08-24 07:32:45 UTC),	Latest, "null"

ProjectVersionFixed(version=2.4.0-latest.20180824T065219Z.5363646.HEAD, dependency=1.7.3, time=2018-08-24 07:08:36 UTC),	Latest, "null"

ProjectVersionFixed(version=2.4.0-latest.20180824T104018Z.2b96020.HEAD, dependency=1.7.3, time=2018-08-24 10:55:12 UTC),	Latest, "null"

ProjectVersionFixed(version=2.4.0-latest.20180825T125026Z.cec326b.HEAD, dependency=1.7.3, time=2018-08-25 13:05:31 UTC),	Latest, "null"

ProjectVersionFixed(version=2.4.0-latest.20180825T125208Z.381c195.HEAD, dependency=1.7.3, time=2018-08-25 13:07:26 UTC),	Latest, "null"

ProjectVersionFixed(version=2.4.0-latest.20180828T064129Z.2808a96.HEAD, dependency=1.7.3, time=2018-08-28 06:56:45 UTC),	Latest, "null"

ProjectVersionFixed(version=2.4.0-latest.20180829T062754Z.06ea7aa.HEAD, dependency=null, time=2018-08-29 06:46:52 UTC)
ProjectVersionFixed(version=2.4.0-latest.20180829T080137Z.116ff38.HEAD, dependency=1.7.3, time=2018-08-29 08:17:21 UTC),	Latest, "null"

ProjectVersionFixed(version=2.4.0-latest.20180829T100224Z.b5031b7.HEAD, dependency=null, time=2018-08-29 11:25:22 UTC)
ProjectVersionFixed(version=2.4.0-latest.20180829T121857Z.6354e11.HEAD, dependency=1.7.3, time=2018-08-29 12:36:22 UTC),	Latest, "null"

ProjectVersionFixed(version=2.4.0-latest.20180829T125934Z.44de07d.HEAD, dependency=1.7.3, time=2018-08-29 14:20:53 UTC),	Latest, "null"

ProjectVersionFixed(version=2.4.0-latest.20180830T080314Z.32fbf0f.HEAD, dependency=null, time=2018-08-30 08:24:56 UTC)
ProjectVersionFixed(version=2.4.0-latest.20180830T084924Z.663a576.HEAD, dependency=1.7.3, time=2018-08-30 09:04:02 UTC),	Latest, "null"

ProjectVersionFixed(version=2.4.0-latest.20180830T143632Z.c79c3ff.HEAD, dependency=null, time=2018-08-30 14:52:43 UTC)
ProjectVersionFixed(version=2.4.0-latest.20180903T095827Z.f84f860.HEAD, dependency=1.7.3, time=2018-09-03 10:12:34 UTC),	Latest, "null"

ProjectVersionFixed(version=2.4.0-latest.20180903T095948Z.428ca5e.HEAD, dependency=1.7.3, time=2018-09-03 10:13:16 UTC),	Latest, "null"

ProjectVersionFixed(version=2.4.0-latest.20180903T134922Z.02eef1d.HEAD, dependency=1.7.3, time=2018-09-03 14:05:53 UTC),	Latest, "null"

ProjectVersionFixed(version=2.4.0-latest.20180904T062300Z.76461ec.HEAD, dependency=1.7.3, time=2018-09-04 06:36:30 UTC),	Latest, "null"

ProjectVersionFixed(version=2.4.0-latest.20180904T115915Z.03a9376.HEAD, dependency=1.7.3, time=2018-09-04 12:13:43 UTC),	Latest, "null"

ProjectVersionFixed(version=2.4.0-latest.20180905T082240Z.6b63c93.HEAD, dependency=1.7.3, time=2018-09-05 08:53:17 UTC),	Latest, "null"

ProjectVersionFixed(version=2.4.0-latest.20180906T063235Z.71d2e0f.HEAD, dependency=null, time=2018-09-06 06:55:01 UTC)
ProjectVersionFixed(version=2.4.0-latest.20180906T114058Z.385977d.HEAD, dependency=null, time=2018-09-06 11:55:16 UTC)
ProjectVersionFixed(version=2.4.0-latest.20180906T141457Z.d50b189.HEAD, dependency=1.7.3, time=2018-09-06 14:30:26 UTC),	Latest, "null"

ProjectVersionFixed(version=2.4.0-latest.20180907T060339Z.e7eacbe.HEAD, dependency=1.7.3, time=2018-09-07 06:19:13 UTC),	Latest, "null"

ProjectVersionFixed(version=2.4.0-latest.20180907T072701Z.6324f23.HEAD, dependency=1.7.3, time=2018-09-07 08:42:45 UTC),	Latest, "null"

ProjectVersionFixed(version=2.4.0-latest.20180907T105520Z.4bf16d2.HEAD, dependency=1.7.4, time=2018-09-07 11:10:31 UTC),	Latest, "null"

ProjectVersionFixed(version=2.4.0-latest.20180907T105733Z.cc810fa.HEAD, dependency=1.7.4, time=2018-09-07 11:14:49 UTC),	Latest, "null"

ProjectVersionFixed(version=2.4.0-latest.20180910T061239Z.d66d214.HEAD, dependency=1.7.4, time=2018-09-10 06:27:08 UTC),	Latest, "null"

ProjectVersionFixed(version=2.4.0-latest.20180910T061254Z.d48f6bb.HEAD, dependency=1.7.4, time=2018-09-10 06:25:38 UTC),	Latest, "null"

ProjectVersionFixed(version=2.4.0-latest.20180910T093636Z.c52a757.HEAD, dependency=1.7.4, time=2018-09-10 09:51:09 UTC),	Latest, "null"

ProjectVersionFixed(version=2.4.0-latest.20180911T082255Z.af16026.HEAD, dependency=1.7.4, time=2018-09-11 08:41:03 UTC),	Latest, "null"

ProjectVersionFixed(version=2.4.0-latest.20180911T084517Z.aa1dd24.HEAD, dependency=1.7.4, time=2018-09-11 09:01:11 UTC),	Latest, "null"

ProjectVersionFixed(version=2.4.0-latest.20180912T071033Z.a141beb.HEAD, dependency=1.7.4, time=2018-09-12 07:26:23 UTC),	Latest, "null"

ProjectVersionFixed(version=2.4.0-latest.20180914T063701Z.866a9eb.HEAD, dependency=1.7.4, time=2018-09-14 06:54:02 UTC),	Latest, "null"

ProjectVersionFixed(version=2.4.0-latest.20180914T090110Z.e549d56.HEAD, dependency=1.7.4, time=2018-09-14 09:15:51 UTC),	Latest, "null"

ProjectVersionFixed(version=2.4.0-latest.20180914T131324Z.182f991.HEAD, dependency=1.7.4, time=2018-09-14 13:33:17 UTC),	Latest, "null"

ProjectVersionFixed(version=2.4.0-latest.20180918T060610Z.e78e9c5.HEAD, dependency=1.7.4, time=2018-09-18 06:23:29 UTC),	Latest, "null"

ProjectVersionFixed(version=2.4.0-latest.20180918T060818Z.bdc32fe.HEAD, dependency=1.7.4, time=2018-09-18 06:21:46 UTC),	Latest, "null"

ProjectVersionFixed(version=2.4.0-latest.20180918T061658Z.6a4bee0.HEAD, dependency=1.7.4, time=2018-09-18 06:34:45 UTC),	Latest, "null"

ProjectVersionFixed(version=2.4.0-latest.20180918T070607Z.69358c4.HEAD, dependency=1.7.4, time=2018-09-18 07:24:23 UTC),	Latest, "null"

ProjectVersionFixed(version=2.4.0-latest.20180918T070735Z.425ffdd.HEAD, dependency=null, time=2018-09-18 07:22:39 UTC)
ProjectVersionFixed(version=2.4.0-latest.20180918T130051Z.4840a86.HEAD, dependency=null, time=2018-09-18 13:14:38 UTC)
ProjectVersionFixed(version=2.4.0-latest.20180918T133801Z.e96c574.HEAD, dependency=1.7.4, time=2018-09-18 13:54:09 UTC),	Latest, "null"

ProjectVersionFixed(version=2.4.0-latest.20180919T075339Z.f70ed2b.HEAD, dependency=1.7.4, time=2018-09-19 08:22:32 UTC),	Latest, "null"

ProjectVersionFixed(version=2.4.0-latest.20180919T114322Z.6f9e120.HEAD, dependency=1.7.4, time=2018-09-19 11:59:03 UTC),	Latest, "null"

ProjectVersionFixed(version=2.4.0-latest.20180919T120238Z.f8b31a4.HEAD, dependency=1.7.4, time=2018-09-19 12:17:21 UTC),	Latest, "null"

ProjectVersionFixed(version=2.4.0-latest.20180919T121535Z.7c8cb36.HEAD, dependency=1.7.4, time=2018-09-19 12:31:29 UTC),	Latest, "null"

ProjectVersionFixed(version=2.4.0-latest.20180919T145447Z.d28581e.HEAD, dependency=1.7.4, time=2018-09-19 15:11:18 UTC),	Latest, "null"

ProjectVersionFixed(version=2.4.0-latest.20180919T165844Z.d0c4572.HEAD, dependency=1.7.4, time=2018-09-19 17:21:44 UTC),	Latest, "null"

ProjectVersionFixed(version=2.4.0-latest.20180920T072731Z.453c721.HEAD, dependency=1.7.4, time=2018-09-20 07:42:39 UTC),	Latest, "null"

ProjectVersionFixed(version=2.4.0-latest.20180921T120505Z.c3aff97.HEAD, dependency=1.7.4, time=2018-09-21 12:22:52 UTC),	Latest, "null"

ProjectVersionFixed(version=2.4.0-dev.1, dependency=1.7.4, time=2018-09-24 06:40:58 UTC),	Latest, "null"

ProjectVersionFixed(version=2.4.0-dev.2, dependency=1.7.4, time=2018-09-24 08:53:05 UTC),	Latest, "null"

ProjectVersionFixed(version=2.4.0-latest.20180924T062035Z.e3fe06c.HEAD, dependency=1.7.4, time=2018-09-24 06:36:20 UTC),	Latest, "null"

ProjectVersionFixed(version=2.4.0-latest.20180924T063402Z.85ddfe9.HEAD, dependency=1.7.4, time=2018-09-24 06:49:34 UTC),	Latest, "null"

ProjectVersionFixed(version=2.4.0-latest.20180924T083411Z.a2b768d.HEAD, dependency=1.7.4, time=2018-09-24 08:51:54 UTC),	Latest, "null"

ProjectVersionFixed(version=2.4.0-latest.20180924T105309Z.ab4a12a.HEAD, dependency=1.7.4, time=2018-09-24 11:06:54 UTC),	Latest, "null"

ProjectVersionFixed(version=2.4.0-latest.20180924T153031Z.e93904a.HEAD, dependency=1.7.4, time=2018-09-24 15:47:21 UTC),	Latest, "null"

ProjectVersionFixed(version=2.4.0-latest.20180925T055556Z.815f6d2.HEAD, dependency=1.7.4, time=2018-09-25 06:09:44 UTC),	Latest, "null"

ProjectVersionFixed(version=2.4.0-latest.20180926T080539Z.df8e0bc.HEAD, dependency=1.7.4, time=2018-09-26 08:23:09 UTC),	Latest, "null"

ProjectVersionFixed(version=2.4.0-latest.20180927T110711Z.353f0f5.HEAD, dependency=1.7.4, time=2018-09-27 11:21:50 UTC),	Latest, "null"

ProjectVersionFixed(version=2.4.0-latest.20180927T110807Z.6a2e29a.HEAD, dependency=1.7.4, time=2018-09-27 11:22:45 UTC),	Latest, "null"

ProjectVersionFixed(version=2.4.0-latest.20180928T072835Z.f5e37b4.HEAD, dependency=1.7.4, time=2018-09-28 07:44:25 UTC),	Latest, "null"

ProjectVersionFixed(version=2.4.0-latest.20181001T063645Z.7397846.HEAD, dependency=1.7.4, time=2018-10-01 06:54:42 UTC),	Latest, "null"

ProjectVersionFixed(version=2.4.0-latest.20181001T063851Z.737fbfd.HEAD, dependency=1.7.4, time=2018-10-01 06:56:06 UTC),	Latest, "null"

ProjectVersionFixed(version=2.4.0-latest.20181001T064858Z.b2666c8.HEAD, dependency=null, time=2018-10-01 07:01:35 UTC)
ProjectVersionFixed(version=2.4.0-latest.20181002T111132Z.fe993dc.HEAD, dependency=null, time=2018-10-02 11:32:14 UTC)
ProjectVersionFixed(version=2.4.0-latest.20181002T115323Z.1e154ce.HEAD, dependency=null, time=2018-10-02 12:07:37 UTC)
ProjectVersionFixed(version=2.4.0-latest.20181002T120244Z.c46d5cc.HEAD, dependency=1.7.4, time=2018-10-02 12:22:51 UTC),	Latest, "null"

ProjectVersionFixed(version=2.4.0-latest.20181002T124608Z.e2dfc0e.HEAD, dependency=null, time=2018-10-02 13:11:11 UTC)
ProjectVersionFixed(version=2.4.0-latest.20181004T121946Z.37cb972.HEAD, dependency=null, time=2018-10-04 12:34:34 UTC)
ProjectVersionFixed(version=2.4.0-latest.20181005T071307Z.bdc0ec0.HEAD, dependency=1.7.5, time=2018-10-05 07:31:44 UTC),	Latest, "null"

ProjectVersionFixed(version=2.4.0-latest.20181005T140849Z.e7a1e03.HEAD, dependency=null, time=2018-10-05 14:27:26 UTC)
ProjectVersionFixed(version=2.4.0-latest.20181008T071706Z.0c9e459.HEAD, dependency=null, time=2018-10-08 07:34:54 UTC)
ProjectVersionFixed(version=2.4.0-latest.20181008T085032Z.c0c56c0.HEAD, dependency=1.7.5, time=2018-10-08 09:05:06 UTC),	Latest, "null"

ProjectVersionFixed(version=2.4.0-latest.20181008T102819Z.fedff85.HEAD, dependency=1.7.5, time=2018-10-08 10:44:49 UTC),	Latest, "null"

ProjectVersionFixed(version=2.4.0-latest.20181008T115000Z.1b2bade.HEAD, dependency=1.7.5, time=2018-10-08 12:08:03 UTC),	Latest, "null"

ProjectVersionFixed(version=2.4.0-latest.20181009T093908Z.799be1a.HEAD, dependency=1.7.5, time=2018-10-09 09:55:15 UTC),	Latest, "null"

ProjectVersionFixed(version=2.4.0-latest.20181009T095451Z.d21ee4c.HEAD, dependency=1.7.5, time=2018-10-09 10:14:26 UTC),	Latest, "null"

ProjectVersionFixed(version=2.4.0-latest.20181010T115804Z.267ca14.HEAD, dependency=1.7.5, time=2018-10-10 12:12:00 UTC),	Latest, "null"

ProjectVersionFixed(version=2.4.0-latest.20181015T115638Z.460be11.HEAD, dependency=1.7.5, time=2018-10-15 12:14:58 UTC),	Latest, "null"

ProjectVersionFixed(version=2.4.0-latest.20181015T121746Z.26a31c4.HEAD, dependency=1.7.5, time=2018-10-15 12:32:56 UTC),	Latest, "null"

ProjectVersionFixed(version=2.4.0-dev.3, dependency=1.7.5, time=2018-10-17 06:21:14 UTC),	Latest, "null"

ProjectVersionFixed(version=2.4.0-latest.20181016T142749Z.d7c6355.HEAD, dependency=1.7.5, time=2018-10-17 06:23:33 UTC),	Latest, "null"

ProjectVersionFixed(version=2.4.0-latest.20181017T071720Z.bcb6e08.HEAD, dependency=1.7.5, time=2018-10-17 08:03:59 UTC),	Latest, "null"

ProjectVersionFixed(version=2.4.0-latest.20181017T103814Z.64536ee.HEAD, dependency=null, time=2018-10-17 10:51:49 UTC)
ProjectVersionFixed(version=2.4.0-latest.20181017T120436Z.4d2b88a.HEAD, dependency=1.7.5, time=2018-10-17 12:22:20 UTC),	Latest, "null"

ProjectVersionFixed(version=2.4.0-latest.20181018T060958Z.593a905.HEAD, dependency=1.7.5, time=2018-10-18 06:29:39 UTC),	Latest, "null"

ProjectVersionFixed(version=2.4.0-latest.20181018T063722Z.562fc9b.HEAD, dependency=1.7.5, time=2018-10-18 06:58:01 UTC),	Latest, "null"

ProjectVersionFixed(version=2.4.0-latest.20181018T064317Z.a40508f.HEAD, dependency=1.7.5, time=2018-10-18 07:35:18 UTC),	Latest, "null"

ProjectVersionFixed(version=2.4.0-dev.4, dependency=null, time=2018-10-19 11:02:20 UTC)
ProjectVersionFixed(version=2.4.0-latest.20181019T103018Z.6a76099.HEAD, dependency=1.7.5, time=2018-10-19 12:36:30 UTC),	Latest, "null"

ProjectVersionFixed(version=2.4.0-latest.20181019T103038Z.5f2fd3d.HEAD, dependency=1.7.5, time=2018-10-19 10:46:38 UTC),	Latest, "null"

ProjectVersionFixed(version=2.4.0-latest.20181023T065245Z.65988f5.HEAD, dependency=1.7.5, time=2018-10-23 07:16:23 UTC),	Latest, "null"

ProjectVersionFixed(version=2.4.0-latest.20181023T072122Z.73e9f78.HEAD, dependency=1.7.5, time=2018-10-23 07:43:21 UTC),	Latest, "null"

ProjectVersionFixed(version=2.4.0-dev.5, dependency=1.7.5, time=2018-10-24 09:08:49 UTC),	Latest, "null"

ProjectVersionFixed(version=2.4.0-latest.20181022T143800Z.2e450cb.HEAD, dependency=1.7.5, time=2018-10-24 08:52:57 UTC),	Latest, "null"

ProjectVersionFixed(version=2.4.0-latest.20181024T060630Z.ea40422.HEAD, dependency=1.7.5, time=2018-10-24 06:22:53 UTC),	Latest, "null"

ProjectVersionFixed(version=2.4.0-latest.20181024T083710Z.975f362.HEAD, dependency=1.7.5, time=2018-10-24 08:57:15 UTC),	Latest, "null"

ProjectVersionFixed(version=2.4.0-latest.20181024T084540Z.4d5be17.HEAD, dependency=1.7.5, time=2018-10-24 09:02:55 UTC),	Latest, "null"

ProjectVersionFixed(version=2.4.0-latest.20181025T062405Z.2c68bc9.HEAD, dependency=1.7.5, time=2018-10-25 06:37:44 UTC),	Latest, "null"

ProjectVersionFixed(version=2.4.0-latest.20181025T103616Z.b1ed146.HEAD, dependency=1.7.5, time=2018-10-25 10:52:45 UTC),	Latest, "null"

ProjectVersionFixed(version=2.4.0-latest.20181025T144358Z.cf8f374.HEAD, dependency=1.7.5, time=2018-10-25 15:16:04 UTC),	Latest, "null"

ProjectVersionFixed(version=2.4.0-latest.20181026T060135Z.14d30db.HEAD, dependency=1.7.5, time=2018-10-26 06:20:26 UTC),	Latest, "null"

ProjectVersionFixed(version=2.4.0-latest.20181026T062916Z.9cdf99a.HEAD, dependency=1.7.5, time=2018-10-26 06:43:19 UTC),	Latest, "null"

ProjectVersionFixed(version=2.4.0-latest.20181029T075107Z.1cb9723.HEAD, dependency=1.7.5, time=2018-10-29 12:52:38 UTC),	Latest, "null"

ProjectVersionFixed(version=2.4.0-latest.20181029T151938Z.d53f54c.HEAD, dependency=1.7.5, time=2018-10-29 15:36:46 UTC),	Latest, "null"

ProjectVersionFixed(version=2.4.0-latest.20181031T123813Z.1a01c3f.HEAD, dependency=1.7.5, time=2018-10-31 12:54:31 UTC),	Latest, "null"

ProjectVersionFixed(version=2.4.0-latest.20181101T071810Z.99f5b48.HEAD, dependency=1.7.5, time=2018-11-01 07:42:48 UTC),	Latest, "null"

ProjectVersionFixed(version=2.4.0-latest.20181101T122232Z.ade3574.HEAD, dependency=1.7.5, time=2018-11-01 12:41:56 UTC),	Latest, "null"

ProjectVersionFixed(version=2.4.0-latest.20181102T115947Z.be8d934.HEAD, dependency=1.7.5, time=2018-11-02 12:28:58 UTC),	Latest, "null"

ProjectVersionFixed(version=2.4.0-dev.6, dependency=1.7.5, time=2018-11-05 08:42:34 UTC),	Latest, "null"

ProjectVersionFixed(version=2.4.0-latest.20181105T071958Z.d0c7902.HEAD, dependency=1.7.5, time=2018-11-05 07:37:15 UTC),	Latest, "null"

ProjectVersionFixed(version=2.4.0-latest.20181105T072049Z.420bd86.HEAD, dependency=1.7.5, time=2018-11-05 07:39:10 UTC),	Latest, "null"

ProjectVersionFixed(version=2.4.0-latest.20181105T073306Z.9850b5a.HEAD, dependency=1.7.5, time=2018-11-05 07:54:49 UTC),	Latest, "null"

ProjectVersionFixed(version=2.4.0-latest.20181105T094820Z.c211381.HEAD, dependency=1.7.5, time=2018-11-05 10:06:33 UTC),	Latest, "null"

ProjectVersionFixed(version=2.4.0-latest.20181106T102729Z.1666183.HEAD, dependency=1.7.5, time=2018-11-06 10:45:06 UTC),	Latest, "null"

ProjectVersionFixed(version=2.4.0-latest.20181106T105029Z.27bf5eb.HEAD, dependency=1.7.5, time=2018-11-06 11:08:57 UTC),	Latest, "null"

ProjectVersionFixed(version=2.4.0-latest.20181106T144003Z.9311fa6.HEAD, dependency=1.7.5, time=2018-11-06 14:57:22 UTC),	Latest, "null"

ProjectVersionFixed(version=2.4.0-latest.20181106T155308Z.9f55618.HEAD, dependency=1.7.5, time=2018-11-06 16:10:13 UTC),	Latest, "null"

ProjectVersionFixed(version=2.4.0-latest.20181107T075732Z.4ca9b24.HEAD, dependency=1.7.5, time=2018-11-07 08:14:16 UTC),	Latest, "null"

ProjectVersionFixed(version=2.4.0-latest.20181107T080419Z.e25f93e.HEAD, dependency=1.7.5, time=2018-11-07 08:25:36 UTC),	Latest, "null"

ProjectVersionFixed(version=2.4.0-latest.20181107T095631Z.ed70f16.HEAD, dependency=1.7.5, time=2018-11-07 10:13:11 UTC),	Latest, "null"

ProjectVersionFixed(version=2.4.0-latest.20181107T135517Z.70a5dea.HEAD, dependency=1.7.5, time=2018-11-07 14:13:21 UTC),	Latest, "null"

ProjectVersionFixed(version=2.4.0-latest.20181108T133848Z.c20c468.HEAD, dependency=1.7.5, time=2018-11-08 13:57:21 UTC),	Latest, "null"

ProjectVersionFixed(version=2.4.0-latest.20181109T072447Z.241c058.HEAD, dependency=1.7.5, time=2018-11-09 07:39:30 UTC),	Latest, "null"

ProjectVersionFixed(version=2.4.0-latest.20181109T125508Z.268de5e.HEAD, dependency=1.7.5, time=2018-11-09 13:16:39 UTC),	Latest, "null"

ProjectVersionFixed(version=2.4.0-latest.20181109T152848Z.55e04bd.HEAD, dependency=1.7.5, time=2018-11-09 15:49:04 UTC),	Latest, "null"

ProjectVersionFixed(version=2.4.0-latest.20181113T075600Z.9d0b47a.HEAD, dependency=1.7.5, time=2018-11-13 08:13:28 UTC),	Latest, "null"

ProjectVersionFixed(version=2.4.0-latest.20181113T104754Z.aa78cb8.HEAD, dependency=1.7.5, time=2018-11-13 11:08:52 UTC),	Latest, "null"

ProjectVersionFixed(version=2.4.0-latest.20181114T071224Z.c33bb58.HEAD, dependency=1.7.5, time=2018-11-14 07:29:20 UTC),	Latest, "null"

ProjectVersionFixed(version=2.4.0-dev.7, dependency=1.7.5, time=2018-11-15 09:47:33 UTC),	Latest, "null"

ProjectVersionFixed(version=2.4.0-latest.20181115T070838Z.a5a71a0.HEAD, dependency=1.7.5, time=2018-11-15 07:24:48 UTC),	Latest, "null"

ProjectVersionFixed(version=2.4.0-latest.20181115T083953Z.92195c1.HEAD, dependency=1.7.5, time=2018-11-15 08:56:17 UTC),	Latest, "null"

ProjectVersionFixed(version=2.4.0-latest.20181115T084042Z.e475260.HEAD, dependency=1.7.5, time=2018-11-15 08:57:09 UTC),	Latest, "null"

ProjectVersionFixed(version=2.4.0-latest.20181119T070359Z.8dddf43.HEAD, dependency=1.7.5, time=2018-11-19 07:20:46 UTC),	Latest, "null"

ProjectVersionFixed(version=2.4.0-latest.20181119T093443Z.1e95a57.HEAD, dependency=1.7.5, time=2018-11-19 09:51:45 UTC),	Latest, "null"

ProjectVersionFixed(version=2.4.0-latest.20181119T095515Z.aca7578.HEAD, dependency=1.7.5, time=2018-11-19 10:14:32 UTC),	Latest, "null"

ProjectVersionFixed(version=2.4.0-latest.20181119T154351Z.9fa1c91.HEAD, dependency=1.7.5, time=2018-11-19 16:06:36 UTC),	Latest, "null"

ProjectVersionFixed(version=2.4.0-latest.20181120T132207Z.41078f4.HEAD, dependency=1.7.5, time=2018-11-20 15:05:34 UTC),	Latest, "null"

ProjectVersionFixed(version=2.4.0-latest.20181120T132215Z.7f14feb.HEAD, dependency=1.7.5, time=2018-11-20 15:06:09 UTC),	Latest, "null"

ProjectVersionFixed(version=2.4.0-latest.20181120T132223Z.8a021b1.HEAD, dependency=1.7.5, time=2018-11-20 13:53:46 UTC),	Latest, "null"

ProjectVersionFixed(version=2.4.0-latest.20181120T144029Z.6606874.HEAD, dependency=1.7.5, time=2018-11-20 15:12:53 UTC),	Latest, "null"

ProjectVersionFixed(version=2.4.0-latest.20181121T084843Z.597abcc.HEAD, dependency=1.7.5, time=2018-11-21 09:11:35 UTC),	Latest, "null"

ProjectVersionFixed(version=2.4.0-latest.20181121T140712Z.3c65477.HEAD, dependency=1.7.5, time=2018-11-21 14:47:43 UTC),	Latest, "null"

ProjectVersionFixed(version=2.4.0-latest.20181122T134340Z.3289a43.HEAD, dependency=1.7.5, time=2018-11-22 13:59:23 UTC),	Latest, "null"

ProjectVersionFixed(version=2.4.0-latest.20181122T153151Z.271136f.HEAD, dependency=1.7.5, time=2018-11-22 15:46:56 UTC),	Latest, "null"

ProjectVersionFixed(version=2.4.0-latest.20181123T075208Z.d2c42b9.HEAD, dependency=1.7.5, time=2018-11-23 08:06:29 UTC),	Latest, "null"

ProjectVersionFixed(version=2.4.0-latest.20181123T081442Z.a18b49c.HEAD, dependency=1.7.5, time=2018-11-23 08:34:15 UTC),	Latest, "null"

ProjectVersionFixed(version=2.4.0-latest.20181123T090855Z.0aa6939.HEAD, dependency=1.7.5, time=2018-11-23 09:34:40 UTC),	Latest, "null"

ProjectVersionFixed(version=2.4.0-latest.20181123T092949Z.38ea163.HEAD, dependency=1.7.5, time=2018-11-23 09:42:41 UTC),	Latest, "null"

ProjectVersionFixed(version=2.4.0-latest.20181123T121527Z.18beafe.HEAD, dependency=1.7.5, time=2018-11-23 12:30:27 UTC),	Latest, "null"

ProjectVersionFixed(version=2.4.0-latest.20181126T073146Z.d597f28.HEAD, dependency=1.7.5, time=2018-11-26 07:55:55 UTC),	Latest, "null"

ProjectVersionFixed(version=2.4.0-latest.20181126T074731Z.f2418cb.HEAD, dependency=1.7.5, time=2018-11-26 08:00:59 UTC),	Latest, "null"

ProjectVersionFixed(version=2.4.0-latest.20181126T092916Z.87f68d7.HEAD, dependency=1.7.5, time=2018-11-26 09:44:08 UTC),	Latest, "null"

ProjectVersionFixed(version=2.4.0-latest.20181126T114347Z.76d61c1.HEAD, dependency=1.7.5, time=2018-11-26 11:57:14 UTC),	Latest, "null"

ProjectVersionFixed(version=2.4.0-latest.20181126T124718Z.5955c23.HEAD, dependency=1.7.5, time=2018-11-26 13:18:35 UTC),	Latest, "null"

ProjectVersionFixed(version=2.4.0-latest.20181128T133213Z.a12a66d.HEAD, dependency=1.7.5, time=2018-11-28 13:46:51 UTC),	Latest, "null"

ProjectVersionFixed(version=2.4.0-latest.20181128T141700Z.eba1f26.HEAD, dependency=1.7.5, time=2018-11-28 14:40:36 UTC),	Latest, "null"

ProjectVersionFixed(version=2.4.0-latest.20181128T150152Z.6b8e06d.HEAD, dependency=1.7.5, time=2018-11-28 15:22:07 UTC),	Latest, "null"

ProjectVersionFixed(version=2.4.0-latest.20181128T151452Z.b682131.HEAD, dependency=1.7.5, time=2018-11-28 15:29:48 UTC),	Latest, "null"

ProjectVersionFixed(version=2.4.0-latest.20181128T154256Z.48e0ad8.HEAD, dependency=1.7.5, time=2018-11-28 15:57:17 UTC),	Latest, "null"

ProjectVersionFixed(version=2.4.0-latest.20181129T072302Z.02e197c.HEAD, dependency=1.7.5, time=2018-11-29 07:37:36 UTC),	Latest, "null"

ProjectVersionFixed(version=2.4.0-latest.20181129T103151Z.a249304.HEAD, dependency=1.7.5, time=2018-11-29 10:46:14 UTC),	Latest, "null"

ProjectVersionFixed(version=2.4.0-latest.20181129T152147Z.2f2a50b.HEAD, dependency=1.7.5, time=2018-11-29 15:35:24 UTC),	Latest, "null"

ProjectVersionFixed(version=2.4.0-latest.20181204T132012Z.c6e707b.HEAD, dependency=1.7.5, time=2018-12-04 13:57:25 UTC),	Latest, "null"

ProjectVersionFixed(version=2.4.0-latest.20181204T135357Z.af67aa8.HEAD, dependency=1.7.5, time=2018-12-04 14:10:54 UTC),	Latest, "null"

ProjectVersionFixed(version=2.4.0-latest.20181204T141024Z.997f320.HEAD, dependency=1.7.5, time=2018-12-04 14:22:34 UTC),	Latest, "null"

ProjectVersionFixed(version=2.4.0-latest.20181204T152733Z.433bc65.HEAD, dependency=1.7.5, time=2018-12-04 15:41:14 UTC),	Latest, "null"

ProjectVersionFixed(version=2.4.0-latest.20181205T082031Z.ef77502.HEAD, dependency=1.7.5, time=2018-12-05 08:31:28 UTC),	Latest, "null"

ProjectVersionFixed(version=2.4.0-latest.20181206T070029Z.f4daa8d.HEAD, dependency=1.7.5, time=2018-12-06 07:10:35 UTC),	Latest, "null"

ProjectVersionFixed(version=2.4.0-dev.9, dependency=1.7.5, time=2018-12-07 07:24:36 UTC),	Latest, "null"

ProjectVersionFixed(version=2.4.0-dev.10, dependency=1.7.5, time=2018-12-07 08:04:48 UTC),	Latest, "null"

ProjectVersionFixed(version=2.4.0-latest.20181206T125845Z.f49af8f.HEAD, dependency=1.7.5, time=2018-12-06 13:09:16 UTC),	Latest, "null"

ProjectVersionFixed(version=2.4.0-latest.20181206T135816Z.bf2d5b4.HEAD, dependency=1.7.5, time=2018-12-06 14:08:45 UTC),	Latest, "null"

ProjectVersionFixed(version=2.4.0-latest.20181207T120518Z.d01d43c.HEAD, dependency=1.7.5, time=2018-12-07 12:15:11 UTC),	Latest, "null"

ProjectVersionFixed(version=2.4.0-latest.20181207T125338Z.2b879a1.HEAD, dependency=1.7.5, time=2018-12-07 13:03:55 UTC),	Latest, "null"

ProjectVersionFixed(version=2.4.0-latest.20181210T074545Z.34df1d4.HEAD, dependency=1.7.5, time=2018-12-10 08:50:24 UTC),	Latest, "null"

ProjectVersionFixed(version=2.4.0-latest.20181210T074603Z.cc4dd49.HEAD, dependency=1.7.5, time=2018-12-10 07:56:40 UTC),	Latest, "null"

ProjectVersionFixed(version=2.4.0-latest.20181211T072756Z.d80f624.HEAD, dependency=1.7.5, time=2018-12-11 07:37:58 UTC),	Latest, "null"

ProjectVersionFixed(version=2.4.0-dev.11, dependency=1.7.5, time=2018-12-12 07:50:15 UTC),	Latest, "null"

ProjectVersionFixed(version=2.4.0-dev.12, dependency=1.7.5, time=2018-12-12 16:04:04 UTC),	Latest, "null"

ProjectVersionFixed(version=2.4.0-latest.20181212T073704Z.c30f0c8.HEAD, dependency=1.7.5, time=2018-12-12 07:47:11 UTC),	Latest, "null"

ProjectVersionFixed(version=2.4.0-latest.20181212T074232Z.57f5e25.HEAD, dependency=1.7.5, time=2018-12-12 07:52:29 UTC),	Latest, "null"

ProjectVersionFixed(version=2.4.0-latest.20181212T151710Z.3ac5902.HEAD, dependency=1.7.5, time=2018-12-12 15:27:24 UTC),	Latest, "null"

ProjectVersionFixed(version=2.4.0-latest.20181215T080719Z.7f1ace1.HEAD, dependency=1.7.5, time=2018-12-15 08:18:57 UTC),	Latest, "null"

ProjectVersionFixed(version=2.4.0-latest.20181217T073603Z.80b6586.HEAD, dependency=1.7.5, time=2018-12-17 07:45:57 UTC),	Latest, "null"

ProjectVersionFixed(version=2.4.0-latest.20181217T074847Z.8fdb5f0.HEAD, dependency=1.7.5, time=2018-12-17 07:59:10 UTC),	Latest, "null"

ProjectVersionFixed(version=2.4.0-latest.20181217T110159Z.d410961.HEAD, dependency=1.7.5, time=2018-12-17 11:16:43 UTC),	Latest, "null"

ProjectVersionFixed(version=2.4.0-latest.20181217T123049Z.35db4a8.HEAD, dependency=1.7.5, time=2018-12-17 12:42:51 UTC),	Latest, "null"

ProjectVersionFixed(version=2.4.0-latest.20181218T070531Z.db81eb8.HEAD, dependency=1.7.5, time=2018-12-18 07:18:07 UTC),	Latest, "null"

ProjectVersionFixed(version=2.4.0-latest.20181219T151040Z.42d44e1.HEAD, dependency=1.7.5, time=2018-12-19 15:27:31 UTC),	Latest, "null"

ProjectVersionFixed(version=2.4.0-latest.20181220T093243Z.977d6e7.HEAD, dependency=1.7.5, time=2018-12-20 09:45:03 UTC),	Latest, "null"

ProjectVersionFixed(version=2.4.0-latest.20181220T140753Z.27b42f8.HEAD, dependency=1.7.5, time=2018-12-20 14:19:48 UTC),	Latest, "null"

ProjectVersionFixed(version=2.4.0-latest.20181221T074414Z.ab2c241.HEAD, dependency=1.7.5, time=2018-12-21 07:55:48 UTC),	Latest, "null"

ProjectVersionFixed(version=2.4.0-latest.20181221T081246Z.a73a6d8.HEAD, dependency=1.7.5, time=2018-12-21 08:33:33 UTC),	Latest, "null"

ProjectVersionFixed(version=2.4.0-latest.20181221T105858Z.90884f1.HEAD, dependency=1.7.5, time=2018-12-21 11:09:04 UTC),	Latest, "null"

ProjectVersionFixed(version=2.4.0-latest.20181221T122536Z.3388dea.HEAD, dependency=1.7.5, time=2018-12-21 12:37:09 UTC),	Latest, "null"

ProjectVersionFixed(version=2.4.0-latest.20181221T143436Z.5d44927.HEAD, dependency=1.7.5, time=2018-12-21 14:48:40 UTC),	Latest, "null"


Project B:
DependencyVersion(version=0.0.1, time=2014-02-27 22:36:26 UTC)
DependencyVersion(version=1.2.27, time=2014-11-21 00:07:27 UTC)
DependencyVersion(version=1.2.28, time=2014-12-15 22:37:11 UTC)
DependencyVersion(version=1.2.29, time=2015-09-29 22:03:32 UTC)
DependencyVersion(version=1.2.30, time=2016-07-21 10:37:13 UTC)
DependencyVersion(version=1.2.31, time=2016-10-11 08:55:01 UTC)
DependencyVersion(version=1.2.32, time=2016-10-11 17:13:33 UTC)
DependencyVersion(version=1.3.0, time=2014-10-13 22:39:48 UTC)
DependencyVersion(version=1.3.0-rc.5, time=2014-10-08 23:08:15 UTC)
DependencyVersion(version=1.3.1, time=2014-10-31 17:50:07 UTC)
DependencyVersion(version=1.3.10, time=2015-01-20 20:40:36 UTC)
DependencyVersion(version=1.3.11, time=2015-01-26 23:34:46 UTC)
DependencyVersion(version=1.3.12, time=2015-02-03 21:52:37 UTC)
DependencyVersion(version=1.3.13, time=2015-02-09 11:10:51 UTC)
DependencyVersion(version=1.3.14, time=2015-02-24 19:11:25 UTC)
DependencyVersion(version=1.3.15, time=2015-03-17 13:16:23 UTC)
DependencyVersion(version=1.3.16, time=2015-06-05 21:21:41 UTC)
DependencyVersion(version=1.3.17, time=2015-07-06 21:54:20 UTC)
DependencyVersion(version=1.3.18, time=2015-08-18 22:41:38 UTC)
DependencyVersion(version=1.3.19, time=2015-09-16 21:24:12 UTC)
DependencyVersion(version=1.3.2, time=2014-11-07 19:32:04 UTC)
DependencyVersion(version=1.3.20, time=2015-09-29 22:36:15 UTC)
DependencyVersion(version=1.3.3, time=2014-11-18 08:09:57 UTC)
DependencyVersion(version=1.3.4, time=2014-11-24 23:47:02 UTC)
DependencyVersion(version=1.3.4-build.3587, time=2014-11-20 22:53:33 UTC)
DependencyVersion(version=1.3.5, time=2014-12-02 05:36:19 UTC)
DependencyVersion(version=1.3.6, time=2014-12-09 00:28:49 UTC)
DependencyVersion(version=1.3.7, time=2014-12-15 22:02:54 UTC)
DependencyVersion(version=1.3.8, time=2014-12-19 21:44:06 UTC)
DependencyVersion(version=1.3.9, time=2015-01-14 23:22:54 UTC)
DependencyVersion(version=1.4.0, time=2015-05-27 01:49:49 UTC)
DependencyVersion(version=1.4.0-beta.0, time=2015-01-14 21:25:53 UTC)
DependencyVersion(version=1.4.0-beta.1, time=2015-01-20 20:56:27 UTC)
DependencyVersion(version=1.4.0-beta.2, time=2015-01-26 23:15:19 UTC)
DependencyVersion(version=1.4.0-beta.3, time=2015-02-03 21:37:31 UTC)
DependencyVersion(version=1.4.0-beta.4, time=2015-02-09 11:30:09 UTC)
DependencyVersion(version=1.4.0-beta.5, time=2015-02-24 19:40:16 UTC)
DependencyVersion(version=1.4.0-beta.6, time=2015-03-17 12:17:50 UTC)
DependencyVersion(version=1.4.0-rc.0, time=2015-04-10 18:12:47 UTC)
DependencyVersion(version=1.4.0-rc.1, time=2015-04-24 20:46:24 UTC)
DependencyVersion(version=1.4.0-rc.2, time=2015-05-12 19:26:37 UTC)
DependencyVersion(version=1.4.1, time=2015-06-16 14:12:43 UTC)
DependencyVersion(version=1.4.10, time=2016-03-16 19:59:22 UTC)
DependencyVersion(version=1.4.11, time=2016-05-27 12:19:41 UTC)
DependencyVersion(version=1.4.12, time=2016-06-15 18:00:57 UTC)
DependencyVersion(version=1.4.13, time=2016-10-10 21:47:44 UTC)
DependencyVersion(version=1.4.14, time=2016-10-11 17:46:56 UTC)
DependencyVersion(version=1.4.2, time=2015-07-06 21:32:23 UTC)
DependencyVersion(version=1.4.3, time=2015-07-15 02:02:51 UTC)
DependencyVersion(version=1.4.4, time=2015-08-13 18:57:32 UTC)
DependencyVersion(version=1.4.5, time=2015-08-28 20:00:34 UTC)
DependencyVersion(version=1.4.6, time=2015-09-17 12:29:41 UTC)
DependencyVersion(version=1.4.7, time=2015-09-29 23:08:27 UTC)
DependencyVersion(version=1.4.8, time=2015-11-20 08:20:50 UTC)
DependencyVersion(version=1.4.9, time=2016-01-21 13:24:43 UTC)
DependencyVersion(version=1.5.0, time=2016-02-05 12:03:32 UTC)
DependencyVersion(version=1.5.0-beta.0, time=2015-09-17 14:03:39 UTC)
DependencyVersion(version=1.5.0-beta.2, time=2015-11-18 00:26:43 UTC)
DependencyVersion(version=1.5.0-rc.0, time=2015-12-09 14:38:18 UTC)
DependencyVersion(version=1.5.0-rc.1, time=2016-01-15 22:30:39 UTC)
DependencyVersion(version=1.5.0-rc.2, time=2016-01-28 12:28:52 UTC)
DependencyVersion(version=1.5.1, time=2016-03-16 13:36:27 UTC)
DependencyVersion(version=1.5.10, time=2016-12-16 10:49:21 UTC)
DependencyVersion(version=1.5.11, time=2017-01-12 23:47:01 UTC)
DependencyVersion(version=1.5.2, time=2016-03-18 23:00:27 UTC)
DependencyVersion(version=1.5.3, time=2016-03-25 20:37:35 UTC)
DependencyVersion(version=1.5.5, time=2016-04-18 11:25:08 UTC)
DependencyVersion(version=1.5.6, time=2016-05-27 17:32:34 UTC)
DependencyVersion(version=1.5.7, time=2016-06-15 19:28:14 UTC)
DependencyVersion(version=1.5.8, time=2016-07-22 15:31:34 UTC)
DependencyVersion(version=1.5.9, time=2016-11-24 20:18:56 UTC)
DependencyVersion(version=1.6.0, time=2016-12-08 12:17:54 UTC)
DependencyVersion(version=1.6.0-rc.0, time=2016-10-27 20:15:46 UTC)
DependencyVersion(version=1.6.0-rc.1, time=2016-11-21 14:03:19 UTC)
DependencyVersion(version=1.6.0-rc.2, time=2016-11-24 22:08:57 UTC)
DependencyVersion(version=1.6.1, time=2016-12-23 11:02:51 UTC)
DependencyVersion(version=1.6.10, time=2018-04-17 18:04:57 UTC)
DependencyVersion(version=1.6.2, time=2017-02-07 14:01:25 UTC)
DependencyVersion(version=1.6.3, time=2017-03-08 12:39:59 UTC)
DependencyVersion(version=1.6.4, time=2017-03-31 09:33:49 UTC)
DependencyVersion(version=1.6.5, time=2017-07-03 19:54:28 UTC)
DependencyVersion(version=1.6.6, time=2017-08-18 14:42:08 UTC)
DependencyVersion(version=1.6.7, time=2017-11-24 18:23:04 UTC)
DependencyVersion(version=1.6.8, time=2017-12-21 22:12:07 UTC)
DependencyVersion(version=1.6.9, time=2018-02-02 13:17:14 UTC)
DependencyVersion(version=1.7.0, time=2018-05-11 15:07:32 UTC)
DependencyVersion(version=1.7.0-rc.0, time=2018-04-19 09:14:51 UTC)
DependencyVersion(version=1.7.1, time=2018-06-08 14:38:32 UTC)
DependencyVersion(version=1.7.2, time=2018-06-12 15:35:19 UTC)
DependencyVersion(version=1.7.3, time=2018-08-08 19:27:45 UTC)
DependencyVersion(version=1.7.4, time=2018-09-07 09:35:27 UTC)
DependencyVersion(version=1.7.5, time=2018-10-04 14:21:16 UTC)