
Project information
rhinostyle (1584775)	react-image-lightbox (1198434)	Package Manager: NPM
RepoID: 11877248
Repo Owner/Name: rhinogram/rhinostyle
Repository type: GitHub

 https://github.com/rhinogram/rhinostyle/commit/

Tag information:
CommitInfo{repo='GitHub', hash='94134b283087a27f8221cf8c65576e50ce1dd443', version='0.1.0-rc10'} 	https://github.com/rhinogram/rhinostyle/commit/94134b283087a27f8221cf8c65576e50ce1dd443
CommitInfo{repo='GitHub', hash='66b14e18c6ce590516059a21ea41dc1fbe3430ba', version='1.10.46'} 	https://github.com/rhinogram/rhinostyle/commit/66b14e18c6ce590516059a21ea41dc1fbe3430ba
CommitInfo{repo='GitHub', hash='85171947f6676375d4f577679ef76f76799bbdfa', version='1.10.62'} 	https://github.com/rhinogram/rhinostyle/commit/85171947f6676375d4f577679ef76f76799bbdfa
CommitInfo{repo='GitHub', hash='153808e8595260b4b4c0fda86a5e092d61daefd4', version='1.10.63'} 	https://github.com/rhinogram/rhinostyle/commit/153808e8595260b4b4c0fda86a5e092d61daefd4
CommitInfo{repo='GitHub', hash='52780361ed4581595ebc1b91fca89f1c37b60c1a', version='v0.1.0'} 	https://github.com/rhinogram/rhinostyle/commit/52780361ed4581595ebc1b91fca89f1c37b60c1a
CommitInfo{repo='GitHub', hash='10b156b4616e6ff8799647511b3e69c5600e4f3f', version='v0.10.0'} 	https://github.com/rhinogram/rhinostyle/commit/10b156b4616e6ff8799647511b3e69c5600e4f3f
CommitInfo{repo='GitHub', hash='0278484a61b2fa0745ca6839168a63b977f77f4a', version='v0.10.1'} 	https://github.com/rhinogram/rhinostyle/commit/0278484a61b2fa0745ca6839168a63b977f77f4a
CommitInfo{repo='GitHub', hash='15b330d5eba17c0553b62596339ccc78e6a34094', version='v0.10.2'} 	https://github.com/rhinogram/rhinostyle/commit/15b330d5eba17c0553b62596339ccc78e6a34094
CommitInfo{repo='GitHub', hash='34a7c321e909b72d712f4288e7334a29dc15da48', version='v0.10.3'} 	https://github.com/rhinogram/rhinostyle/commit/34a7c321e909b72d712f4288e7334a29dc15da48
CommitInfo{repo='GitHub', hash='f10cd1b8afadb6777d9575c368929e860d2652d3', version='v0.10.4'} 	https://github.com/rhinogram/rhinostyle/commit/f10cd1b8afadb6777d9575c368929e860d2652d3
CommitInfo{repo='GitHub', hash='127ae568f0ff973d1234d461b1178cbdceaf2c66', version='v0.10.5'} 	https://github.com/rhinogram/rhinostyle/commit/127ae568f0ff973d1234d461b1178cbdceaf2c66
CommitInfo{repo='GitHub', hash='3b8f01a25172be05608721bcbef0ad17a1dd882d', version='v0.10.6'} 	https://github.com/rhinogram/rhinostyle/commit/3b8f01a25172be05608721bcbef0ad17a1dd882d
CommitInfo{repo='GitHub', hash='6515f9997542fc9f59ea0ce5736cbc20c5df41a5', version='v0.10.7'} 	https://github.com/rhinogram/rhinostyle/commit/6515f9997542fc9f59ea0ce5736cbc20c5df41a5
CommitInfo{repo='GitHub', hash='1b755b88fcc6bc9be99015f811aad11cfca131cd', version='v0.10.8'} 	https://github.com/rhinogram/rhinostyle/commit/1b755b88fcc6bc9be99015f811aad11cfca131cd
CommitInfo{repo='GitHub', hash='9a6239437e6b47f7b3fcd620b1cdc7c1ed7138f3', version='v0.1.0-rc1'} 	https://github.com/rhinogram/rhinostyle/commit/9a6239437e6b47f7b3fcd620b1cdc7c1ed7138f3
CommitInfo{repo='GitHub', hash='639e7689e4b0a23ff35a4490f1e39c375a5e2b49', version='v0.1.0-rc11'} 	https://github.com/rhinogram/rhinostyle/commit/639e7689e4b0a23ff35a4490f1e39c375a5e2b49
CommitInfo{repo='GitHub', hash='a6f50c3230310d211b50ed12ade51be77f91c510', version='v0.1.0-rc12'} 	https://github.com/rhinogram/rhinostyle/commit/a6f50c3230310d211b50ed12ade51be77f91c510
CommitInfo{repo='GitHub', hash='db9c38c9d27e59f49eacd40c7576a06a1814d63b', version='v0.1.0-rc13'} 	https://github.com/rhinogram/rhinostyle/commit/db9c38c9d27e59f49eacd40c7576a06a1814d63b
CommitInfo{repo='GitHub', hash='408b8d23c085bac1b868a37d1da0fb88d629fc6d', version='v0.1.0-rc14'} 	https://github.com/rhinogram/rhinostyle/commit/408b8d23c085bac1b868a37d1da0fb88d629fc6d
CommitInfo{repo='GitHub', hash='2e66aec6e77f3641bd19efd465a33b82e9f2f142', version='v0.1.0-rc2'} 	https://github.com/rhinogram/rhinostyle/commit/2e66aec6e77f3641bd19efd465a33b82e9f2f142
CommitInfo{repo='GitHub', hash='2212096adf231594f45d2b5d38132f90e0d7f70c', version='v0.1.0-rc3'} 	https://github.com/rhinogram/rhinostyle/commit/2212096adf231594f45d2b5d38132f90e0d7f70c
CommitInfo{repo='GitHub', hash='f3a26076e8036dc995f479e11ddcc6efa5aa7129', version='v0.1.0-rc4'} 	https://github.com/rhinogram/rhinostyle/commit/f3a26076e8036dc995f479e11ddcc6efa5aa7129
CommitInfo{repo='GitHub', hash='88d1030e4d32493f14fbff46c81d7442444ff6f7', version='v0.1.0-rc5'} 	https://github.com/rhinogram/rhinostyle/commit/88d1030e4d32493f14fbff46c81d7442444ff6f7
CommitInfo{repo='GitHub', hash='b503719fb85cf856fe6a956757ac7e1b96dc4909', version='v0.1.0-rc6'} 	https://github.com/rhinogram/rhinostyle/commit/b503719fb85cf856fe6a956757ac7e1b96dc4909
CommitInfo{repo='GitHub', hash='d5bc9116fcca5654e86e054d65780d32c5e475c8', version='v0.1.0-rc7'} 	https://github.com/rhinogram/rhinostyle/commit/d5bc9116fcca5654e86e054d65780d32c5e475c8
CommitInfo{repo='GitHub', hash='ffcb64ffcb334a6732546d19824ce3ef32078dcf', version='v0.1.0-rc8'} 	https://github.com/rhinogram/rhinostyle/commit/ffcb64ffcb334a6732546d19824ce3ef32078dcf
CommitInfo{repo='GitHub', hash='57196ea085e4226757addc63fa2d9204f9ab9075', version='v0.1.1'} 	https://github.com/rhinogram/rhinostyle/commit/57196ea085e4226757addc63fa2d9204f9ab9075
CommitInfo{repo='GitHub', hash='755e7f23a1dbb4f1ccca274fd420cea29bd4aae0', version='v0.11.0'} 	https://github.com/rhinogram/rhinostyle/commit/755e7f23a1dbb4f1ccca274fd420cea29bd4aae0
CommitInfo{repo='GitHub', hash='84a83c64cbfccb672bf0b452b096d8e5ccd9a7fa', version='v0.11.1'} 	https://github.com/rhinogram/rhinostyle/commit/84a83c64cbfccb672bf0b452b096d8e5ccd9a7fa
CommitInfo{repo='GitHub', hash='67624c6335f57d1d8ada91768663c6ce117f81f0', version='v0.11.10'} 	https://github.com/rhinogram/rhinostyle/commit/67624c6335f57d1d8ada91768663c6ce117f81f0
CommitInfo{repo='GitHub', hash='a671af8d83e4f6c977f8644d4fa63eb205f08a9a', version='v0.11.11'} 	https://github.com/rhinogram/rhinostyle/commit/a671af8d83e4f6c977f8644d4fa63eb205f08a9a
CommitInfo{repo='GitHub', hash='3776441ebb5094d8cb15e0446cbebd02c315af2c', version='v0.11.12'} 	https://github.com/rhinogram/rhinostyle/commit/3776441ebb5094d8cb15e0446cbebd02c315af2c
CommitInfo{repo='GitHub', hash='f90125550ecce2e6e7e408ccfeb655e2be113f6c', version='v0.11.13'} 	https://github.com/rhinogram/rhinostyle/commit/f90125550ecce2e6e7e408ccfeb655e2be113f6c
CommitInfo{repo='GitHub', hash='fd8949ee1e82ecbd453696b8c306adce47873a53', version='v0.11.14'} 	https://github.com/rhinogram/rhinostyle/commit/fd8949ee1e82ecbd453696b8c306adce47873a53
CommitInfo{repo='GitHub', hash='5df03daa3733770c257cd955ad1fe20a45e6bd3d', version='v0.11.15'} 	https://github.com/rhinogram/rhinostyle/commit/5df03daa3733770c257cd955ad1fe20a45e6bd3d
CommitInfo{repo='GitHub', hash='31ba78d2eee6fb9eefadc9af1d3397f8615b64b3', version='v0.11.16'} 	https://github.com/rhinogram/rhinostyle/commit/31ba78d2eee6fb9eefadc9af1d3397f8615b64b3
CommitInfo{repo='GitHub', hash='140e7d91d97f6d45e14517ec1f4e1c085d6833e9', version='v0.11.17'} 	https://github.com/rhinogram/rhinostyle/commit/140e7d91d97f6d45e14517ec1f4e1c085d6833e9
CommitInfo{repo='GitHub', hash='0a711a85f18fcb5261640df6ee410ed7781c9893', version='v0.11.18'} 	https://github.com/rhinogram/rhinostyle/commit/0a711a85f18fcb5261640df6ee410ed7781c9893
CommitInfo{repo='GitHub', hash='442527155255f98e6d80be3a8b7b53466efe5863', version='v0.11.19'} 	https://github.com/rhinogram/rhinostyle/commit/442527155255f98e6d80be3a8b7b53466efe5863
CommitInfo{repo='GitHub', hash='15a55873e52857eba75c4356613952ae8ab0e72b', version='v0.11.2'} 	https://github.com/rhinogram/rhinostyle/commit/15a55873e52857eba75c4356613952ae8ab0e72b
CommitInfo{repo='GitHub', hash='358138788f6e1d754f2411b5dd6144018f95ac56', version='v0.11.20'} 	https://github.com/rhinogram/rhinostyle/commit/358138788f6e1d754f2411b5dd6144018f95ac56
CommitInfo{repo='GitHub', hash='4690ad7032cabd36175476c6cc613b53969d1427', version='v0.11.21'} 	https://github.com/rhinogram/rhinostyle/commit/4690ad7032cabd36175476c6cc613b53969d1427
CommitInfo{repo='GitHub', hash='65c1563cf0b1a685a7d067f0219d28f343551575', version='v0.11.22'} 	https://github.com/rhinogram/rhinostyle/commit/65c1563cf0b1a685a7d067f0219d28f343551575
CommitInfo{repo='GitHub', hash='44684b09b1247afafb04b786e7f4ea989d1268f1', version='v0.11.3'} 	https://github.com/rhinogram/rhinostyle/commit/44684b09b1247afafb04b786e7f4ea989d1268f1
CommitInfo{repo='GitHub', hash='ed25f9be776bce10477ac20a22864c62cee673e6', version='v0.11.4'} 	https://github.com/rhinogram/rhinostyle/commit/ed25f9be776bce10477ac20a22864c62cee673e6
CommitInfo{repo='GitHub', hash='37b49b75c86f5615fc1cfd8b208681b6db0d676b', version='v0.11.5'} 	https://github.com/rhinogram/rhinostyle/commit/37b49b75c86f5615fc1cfd8b208681b6db0d676b
CommitInfo{repo='GitHub', hash='bff8a64c757c02858684a34242de26e8ad9b260c', version='v0.11.6'} 	https://github.com/rhinogram/rhinostyle/commit/bff8a64c757c02858684a34242de26e8ad9b260c
CommitInfo{repo='GitHub', hash='5ea8a1dbe05da0fbccf00501a5720d7bb71ca886', version='v0.11.7'} 	https://github.com/rhinogram/rhinostyle/commit/5ea8a1dbe05da0fbccf00501a5720d7bb71ca886
CommitInfo{repo='GitHub', hash='db8874b9355f0962d1dabdea89392e50d34aa8fa', version='v0.11.8'} 	https://github.com/rhinogram/rhinostyle/commit/db8874b9355f0962d1dabdea89392e50d34aa8fa
CommitInfo{repo='GitHub', hash='3b4fbc7065b89085b40f81be40b1e714b153ab51', version='v0.11.9'} 	https://github.com/rhinogram/rhinostyle/commit/3b4fbc7065b89085b40f81be40b1e714b153ab51
CommitInfo{repo='GitHub', hash='3b4fbc7065b89085b40f81be40b1e714b153ab51', version='v0.11.9'} 	https://github.com/rhinogram/rhinostyle/commit/3b4fbc7065b89085b40f81be40b1e714b153ab51
CommitInfo{repo='GitHub', hash='1446be5884dab0603168d664646d13855b0f8780', version='v0.1.2'} 	https://github.com/rhinogram/rhinostyle/commit/1446be5884dab0603168d664646d13855b0f8780
CommitInfo{repo='GitHub', hash='013de3772317749e8eb4fe0962a551f03a0d2cd5', version='v0.12.0'} 	https://github.com/rhinogram/rhinostyle/commit/013de3772317749e8eb4fe0962a551f03a0d2cd5
CommitInfo{repo='GitHub', hash='4c5be8192edbe8ea31a48a6e49b6d8883818bdd8', version='v0.12.1'} 	https://github.com/rhinogram/rhinostyle/commit/4c5be8192edbe8ea31a48a6e49b6d8883818bdd8
CommitInfo{repo='GitHub', hash='0645895cdd2d0db5ea7fc73afa137924832464dd', version='v0.12.2'} 	https://github.com/rhinogram/rhinostyle/commit/0645895cdd2d0db5ea7fc73afa137924832464dd
CommitInfo{repo='GitHub', hash='cdaa2a928a56680d0c47e9e4b9ce33f3d4825a1a', version='v0.12.3'} 	https://github.com/rhinogram/rhinostyle/commit/cdaa2a928a56680d0c47e9e4b9ce33f3d4825a1a
CommitInfo{repo='GitHub', hash='af8005c87d1ba44552778b14186d9f176d842738', version='v0.12.4'} 	https://github.com/rhinogram/rhinostyle/commit/af8005c87d1ba44552778b14186d9f176d842738
CommitInfo{repo='GitHub', hash='df67f091bab5a56575c8f96f838b7b6ffcca261e', version='v0.1.3'} 	https://github.com/rhinogram/rhinostyle/commit/df67f091bab5a56575c8f96f838b7b6ffcca261e
CommitInfo{repo='GitHub', hash='0306006bb1d291f0fcc40ac6736df5ce25e113dd', version='v0.13.0'} 	https://github.com/rhinogram/rhinostyle/commit/0306006bb1d291f0fcc40ac6736df5ce25e113dd
CommitInfo{repo='GitHub', hash='117b4025969b6825ce2d3e63e4fc3825b31d317f', version='v0.13.1'} 	https://github.com/rhinogram/rhinostyle/commit/117b4025969b6825ce2d3e63e4fc3825b31d317f
CommitInfo{repo='GitHub', hash='9eb46670d70d2c95eccb47f1898b6cec09624b2a', version='v0.13.2'} 	https://github.com/rhinogram/rhinostyle/commit/9eb46670d70d2c95eccb47f1898b6cec09624b2a
CommitInfo{repo='GitHub', hash='549cbd83d56758b234dc2630abe08062f17da884', version='v0.13.3'} 	https://github.com/rhinogram/rhinostyle/commit/549cbd83d56758b234dc2630abe08062f17da884
CommitInfo{repo='GitHub', hash='c7537a9a76ce16bd5db2a8a48082f279c0d017bb', version='v0.13.4'} 	https://github.com/rhinogram/rhinostyle/commit/c7537a9a76ce16bd5db2a8a48082f279c0d017bb
CommitInfo{repo='GitHub', hash='5a089bfbf7f3e59a3303abf30792502c3dbf0c71', version='v0.1.4'} 	https://github.com/rhinogram/rhinostyle/commit/5a089bfbf7f3e59a3303abf30792502c3dbf0c71
CommitInfo{repo='GitHub', hash='1c942aab89f2da406e50811eaec3942c0d4a58e1', version='v0.1.5'} 	https://github.com/rhinogram/rhinostyle/commit/1c942aab89f2da406e50811eaec3942c0d4a58e1
CommitInfo{repo='GitHub', hash='316be1a73d9f81c48139bc1dfaafcb361734fc2b', version='v0.1.6'} 	https://github.com/rhinogram/rhinostyle/commit/316be1a73d9f81c48139bc1dfaafcb361734fc2b
CommitInfo{repo='GitHub', hash='3ec3ef2716a61effac43fe00e9b720c671b3fa24', version='v0.1.7'} 	https://github.com/rhinogram/rhinostyle/commit/3ec3ef2716a61effac43fe00e9b720c671b3fa24
CommitInfo{repo='GitHub', hash='2e77799ed3a496dced0bfcd884340aca7dd262e0', version='v0.1.8'} 	https://github.com/rhinogram/rhinostyle/commit/2e77799ed3a496dced0bfcd884340aca7dd262e0
CommitInfo{repo='GitHub', hash='af132bc690f1e32fd1bfb54099f4f957861e3b6d', version='v0.1.9'} 	https://github.com/rhinogram/rhinostyle/commit/af132bc690f1e32fd1bfb54099f4f957861e3b6d
CommitInfo{repo='GitHub', hash='c29c054ed3ec5b33f3f6558baa1849d38adcefea', version='v0.2.0'} 	https://github.com/rhinogram/rhinostyle/commit/c29c054ed3ec5b33f3f6558baa1849d38adcefea
CommitInfo{repo='GitHub', hash='9c6f60fd5fceff04fc5d9dd8e1f4d5150b68ea65', version='v0.2.1'} 	https://github.com/rhinogram/rhinostyle/commit/9c6f60fd5fceff04fc5d9dd8e1f4d5150b68ea65
CommitInfo{repo='GitHub', hash='e4ca7f2205f2254ab4bdcf15fa04ec3d79af5818', version='v0.2.2'} 	https://github.com/rhinogram/rhinostyle/commit/e4ca7f2205f2254ab4bdcf15fa04ec3d79af5818
CommitInfo{repo='GitHub', hash='49460cc52640cb602b2930473c94a734e97f2fa3', version='v0.2.3'} 	https://github.com/rhinogram/rhinostyle/commit/49460cc52640cb602b2930473c94a734e97f2fa3
CommitInfo{repo='GitHub', hash='575084afce9c8fe6d53ca309dc0fd4387f9376ac', version='v0.2.4'} 	https://github.com/rhinogram/rhinostyle/commit/575084afce9c8fe6d53ca309dc0fd4387f9376ac
CommitInfo{repo='GitHub', hash='1cb1fc2a2ef07557e504e181c31517b0c81cd48f', version='v0.2.5'} 	https://github.com/rhinogram/rhinostyle/commit/1cb1fc2a2ef07557e504e181c31517b0c81cd48f
CommitInfo{repo='GitHub', hash='3e1df84f6480aa73084bf864b346fd6336fe6691', version='v0.2.6'} 	https://github.com/rhinogram/rhinostyle/commit/3e1df84f6480aa73084bf864b346fd6336fe6691
CommitInfo{repo='GitHub', hash='852f3dd173e6fbed126a05707bcd175ebc5bd560', version='v0.2.7'} 	https://github.com/rhinogram/rhinostyle/commit/852f3dd173e6fbed126a05707bcd175ebc5bd560
CommitInfo{repo='GitHub', hash='847847e2bfeaab3422244006bff369b0e190b436', version='v0.2.8'} 	https://github.com/rhinogram/rhinostyle/commit/847847e2bfeaab3422244006bff369b0e190b436
CommitInfo{repo='GitHub', hash='2f613a4a7bce37d1021b564524cf4023e5147e3a', version='v0.2.9'} 	https://github.com/rhinogram/rhinostyle/commit/2f613a4a7bce37d1021b564524cf4023e5147e3a
CommitInfo{repo='GitHub', hash='f147951c362bdc3f4cc2598d3c673637c1b62a09', version='v0.3.0'} 	https://github.com/rhinogram/rhinostyle/commit/f147951c362bdc3f4cc2598d3c673637c1b62a09
CommitInfo{repo='GitHub', hash='ea3fe3b7c0413107175cc2d8605e0279a2d30a1f', version='v0.3.1'} 	https://github.com/rhinogram/rhinostyle/commit/ea3fe3b7c0413107175cc2d8605e0279a2d30a1f
CommitInfo{repo='GitHub', hash='9c25a3d88c6cdf3d1ffac06af42d7a47aab3f247', version='v0.3.10'} 	https://github.com/rhinogram/rhinostyle/commit/9c25a3d88c6cdf3d1ffac06af42d7a47aab3f247
CommitInfo{repo='GitHub', hash='2f2812bf370d24b678e6d4d7a20233e41612a3b5', version='v0.3.11'} 	https://github.com/rhinogram/rhinostyle/commit/2f2812bf370d24b678e6d4d7a20233e41612a3b5
CommitInfo{repo='GitHub', hash='927cb8d4f6d50eef0c9601c443737692aee8dd78', version='v0.3.12'} 	https://github.com/rhinogram/rhinostyle/commit/927cb8d4f6d50eef0c9601c443737692aee8dd78
CommitInfo{repo='GitHub', hash='31a5fdf02774364e242e1ece1f70a586537da7e6', version='v0.3.13'} 	https://github.com/rhinogram/rhinostyle/commit/31a5fdf02774364e242e1ece1f70a586537da7e6
CommitInfo{repo='GitHub', hash='413e700f3a212c7bf117438608c0a28e184b67a9', version='v0.3.14'} 	https://github.com/rhinogram/rhinostyle/commit/413e700f3a212c7bf117438608c0a28e184b67a9
CommitInfo{repo='GitHub', hash='3e4fd8be0967af82fae434408584a169dc8a47d3', version='v0.3.15'} 	https://github.com/rhinogram/rhinostyle/commit/3e4fd8be0967af82fae434408584a169dc8a47d3
CommitInfo{repo='GitHub', hash='9a9531faecc6d800cfcddf649116b097ebb6f904', version='v0.3.16'} 	https://github.com/rhinogram/rhinostyle/commit/9a9531faecc6d800cfcddf649116b097ebb6f904
CommitInfo{repo='GitHub', hash='d6c2ce47162a714bff2d9e0894d0b0f1ed314754', version='v0.3.17'} 	https://github.com/rhinogram/rhinostyle/commit/d6c2ce47162a714bff2d9e0894d0b0f1ed314754
CommitInfo{repo='GitHub', hash='1226d408e447860f14275bf0a473f1b75f551787', version='v0.3.2'} 	https://github.com/rhinogram/rhinostyle/commit/1226d408e447860f14275bf0a473f1b75f551787
CommitInfo{repo='GitHub', hash='0fc905e99eaf6d6a7e9d1b847ae51bfedc00ea50', version='v0.3.3'} 	https://github.com/rhinogram/rhinostyle/commit/0fc905e99eaf6d6a7e9d1b847ae51bfedc00ea50
CommitInfo{repo='GitHub', hash='933da306690ea0aabdd7d7f9f903115618fa430b', version='v0.3.4'} 	https://github.com/rhinogram/rhinostyle/commit/933da306690ea0aabdd7d7f9f903115618fa430b
CommitInfo{repo='GitHub', hash='1c8277f72820a767290ffa6bbbaeb6f06586f0d3', version='v0.3.5'} 	https://github.com/rhinogram/rhinostyle/commit/1c8277f72820a767290ffa6bbbaeb6f06586f0d3
CommitInfo{repo='GitHub', hash='9446baac5c0dab9172cfe5ae810bc2523a994ad7', version='v0.3.6'} 	https://github.com/rhinogram/rhinostyle/commit/9446baac5c0dab9172cfe5ae810bc2523a994ad7
CommitInfo{repo='GitHub', hash='1d626cbd5cf68c6c6cb872342da9d4b9ef41ea33', version='v0.3.7'} 	https://github.com/rhinogram/rhinostyle/commit/1d626cbd5cf68c6c6cb872342da9d4b9ef41ea33
CommitInfo{repo='GitHub', hash='400d08ee2ef3e75675b7e24031cff660cc05f730', version='v0.3.8'} 	https://github.com/rhinogram/rhinostyle/commit/400d08ee2ef3e75675b7e24031cff660cc05f730
CommitInfo{repo='GitHub', hash='753525431052930c25687b4ce4db37cd2ccc413e', version='v0.3.9'} 	https://github.com/rhinogram/rhinostyle/commit/753525431052930c25687b4ce4db37cd2ccc413e
CommitInfo{repo='GitHub', hash='e4d2fe1907f9f1ae253c843092561d0cd0f576eb', version='v0.4.0'} 	https://github.com/rhinogram/rhinostyle/commit/e4d2fe1907f9f1ae253c843092561d0cd0f576eb
CommitInfo{repo='GitHub', hash='a5f84e9244d84e97d4ecd88ae5ebc51864848ec7', version='v0.4.1'} 	https://github.com/rhinogram/rhinostyle/commit/a5f84e9244d84e97d4ecd88ae5ebc51864848ec7
CommitInfo{repo='GitHub', hash='185ab2a7f3f3f4926f1bdffc3f8ec08d262ab157', version='v0.4.2'} 	https://github.com/rhinogram/rhinostyle/commit/185ab2a7f3f3f4926f1bdffc3f8ec08d262ab157
CommitInfo{repo='GitHub', hash='764ec1571e85e1f9455613ab6b7e87535c69ff91', version='v0.4.3'} 	https://github.com/rhinogram/rhinostyle/commit/764ec1571e85e1f9455613ab6b7e87535c69ff91
CommitInfo{repo='GitHub', hash='4fc947f0e8a34592bc73c9115e12c6cc942f989a', version='v0.4.4'} 	https://github.com/rhinogram/rhinostyle/commit/4fc947f0e8a34592bc73c9115e12c6cc942f989a
CommitInfo{repo='GitHub', hash='0f641a5381462a3beab360362f90d85eca1dbe6e', version='v0.4.5'} 	https://github.com/rhinogram/rhinostyle/commit/0f641a5381462a3beab360362f90d85eca1dbe6e
CommitInfo{repo='GitHub', hash='d95e85afa252011e2570f7a3fd5ee83f16f6134c', version='v0.4.6'} 	https://github.com/rhinogram/rhinostyle/commit/d95e85afa252011e2570f7a3fd5ee83f16f6134c
CommitInfo{repo='GitHub', hash='5c922d33a94b6162eb087fa51b8546892143fc1c', version='v0.4.7'} 	https://github.com/rhinogram/rhinostyle/commit/5c922d33a94b6162eb087fa51b8546892143fc1c
CommitInfo{repo='GitHub', hash='c5eb40d6374390ae76eb9feed629e1d87f897cea', version='v0.4.8'} 	https://github.com/rhinogram/rhinostyle/commit/c5eb40d6374390ae76eb9feed629e1d87f897cea
CommitInfo{repo='GitHub', hash='37069fd1c12b42df38c277da208d011cee1b0bc4', version='v0.4.9'} 	https://github.com/rhinogram/rhinostyle/commit/37069fd1c12b42df38c277da208d011cee1b0bc4
CommitInfo{repo='GitHub', hash='8e6a3e53f7a5760cb688d139eef6daf7a2f69dcb', version='v0.5.0'} 	https://github.com/rhinogram/rhinostyle/commit/8e6a3e53f7a5760cb688d139eef6daf7a2f69dcb
CommitInfo{repo='GitHub', hash='3ade4716771a7e3ccaad9baf2b47542c26c170ba', version='v0.5.1'} 	https://github.com/rhinogram/rhinostyle/commit/3ade4716771a7e3ccaad9baf2b47542c26c170ba
CommitInfo{repo='GitHub', hash='f0be965311526c6752561aa3d02876772c64e207', version='v0.5.2'} 	https://github.com/rhinogram/rhinostyle/commit/f0be965311526c6752561aa3d02876772c64e207
CommitInfo{repo='GitHub', hash='a84fbeabee3f5266104ec7da34afc355c1c5425a', version='v0.5.3'} 	https://github.com/rhinogram/rhinostyle/commit/a84fbeabee3f5266104ec7da34afc355c1c5425a
CommitInfo{repo='GitHub', hash='d92867616975d8eb34d3898f95c9b2c27e933d8c', version='v0.5.4'} 	https://github.com/rhinogram/rhinostyle/commit/d92867616975d8eb34d3898f95c9b2c27e933d8c
CommitInfo{repo='GitHub', hash='0f74caf662886b0fd13f1dc4d22b5e156c94034e', version='v0.5.5'} 	https://github.com/rhinogram/rhinostyle/commit/0f74caf662886b0fd13f1dc4d22b5e156c94034e
CommitInfo{repo='GitHub', hash='ae6005f52f5cdfb9d4c9bb3d46e112dc0ee88415', version='v0.5.6'} 	https://github.com/rhinogram/rhinostyle/commit/ae6005f52f5cdfb9d4c9bb3d46e112dc0ee88415
CommitInfo{repo='GitHub', hash='f64eaf4d443d53d05079522c4e6acb767a29417a', version='v0.5.7'} 	https://github.com/rhinogram/rhinostyle/commit/f64eaf4d443d53d05079522c4e6acb767a29417a
CommitInfo{repo='GitHub', hash='d062f423feddddd7058923e051ca52f49c0d8e43', version='v0.6.0'} 	https://github.com/rhinogram/rhinostyle/commit/d062f423feddddd7058923e051ca52f49c0d8e43
CommitInfo{repo='GitHub', hash='facb4975b806962680861cb51250fac330805df0', version='v0.6.1'} 	https://github.com/rhinogram/rhinostyle/commit/facb4975b806962680861cb51250fac330805df0
CommitInfo{repo='GitHub', hash='e22652d56369a267cd07832d0fde0b3dd7298768', version='v0.6.10'} 	https://github.com/rhinogram/rhinostyle/commit/e22652d56369a267cd07832d0fde0b3dd7298768
CommitInfo{repo='GitHub', hash='8df2f91dc3f122b2ad77c54315ea7830c3be7e1b', version='v0.6.11'} 	https://github.com/rhinogram/rhinostyle/commit/8df2f91dc3f122b2ad77c54315ea7830c3be7e1b
CommitInfo{repo='GitHub', hash='56dc70907acae81e9e662735e6f6743c6f0be0eb', version='v0.6.12'} 	https://github.com/rhinogram/rhinostyle/commit/56dc70907acae81e9e662735e6f6743c6f0be0eb
CommitInfo{repo='GitHub', hash='217cef90e207af3a302703deb596ee5a757c8af8', version='v0.6.13'} 	https://github.com/rhinogram/rhinostyle/commit/217cef90e207af3a302703deb596ee5a757c8af8
CommitInfo{repo='GitHub', hash='c7f82df1fbfb6027d84551a701c3dfa5ded82aac', version='v0.6.14'} 	https://github.com/rhinogram/rhinostyle/commit/c7f82df1fbfb6027d84551a701c3dfa5ded82aac
CommitInfo{repo='GitHub', hash='2bb874323e43ca58eaf57f4fd968a69c07594629', version='v0.6.15'} 	https://github.com/rhinogram/rhinostyle/commit/2bb874323e43ca58eaf57f4fd968a69c07594629
CommitInfo{repo='GitHub', hash='15cfcfbf45b0a5e21fa9d5789c4d5522c288af9a', version='v0.6.16'} 	https://github.com/rhinogram/rhinostyle/commit/15cfcfbf45b0a5e21fa9d5789c4d5522c288af9a
CommitInfo{repo='GitHub', hash='f817d6f1aad1ea84d85d7eedc36b7216a3178a67', version='v0.6.17'} 	https://github.com/rhinogram/rhinostyle/commit/f817d6f1aad1ea84d85d7eedc36b7216a3178a67
CommitInfo{repo='GitHub', hash='5a47d0e11e22e9ecdcc68c7dfb908ff6c64cec79', version='v0.6.18'} 	https://github.com/rhinogram/rhinostyle/commit/5a47d0e11e22e9ecdcc68c7dfb908ff6c64cec79
CommitInfo{repo='GitHub', hash='28b2cc4fb21da48e0b54d05194c29622bcd6e33c', version='v0.6.19'} 	https://github.com/rhinogram/rhinostyle/commit/28b2cc4fb21da48e0b54d05194c29622bcd6e33c
CommitInfo{repo='GitHub', hash='4e8fb888ad9c7a4f1dc0f7a45fc0ea548e034e6a', version='v0.6.2'} 	https://github.com/rhinogram/rhinostyle/commit/4e8fb888ad9c7a4f1dc0f7a45fc0ea548e034e6a
CommitInfo{repo='GitHub', hash='4f793909e358ae675abe85413561b97d8f3ee8db', version='v0.6.20'} 	https://github.com/rhinogram/rhinostyle/commit/4f793909e358ae675abe85413561b97d8f3ee8db
CommitInfo{repo='GitHub', hash='0aa24f70c0ecf87f5ade15f44121669758e5d4d8', version='v0.6.21'} 	https://github.com/rhinogram/rhinostyle/commit/0aa24f70c0ecf87f5ade15f44121669758e5d4d8
CommitInfo{repo='GitHub', hash='8187cf824f8b72f95adc26ea735808af2fea07e9', version='v0.6.22'} 	https://github.com/rhinogram/rhinostyle/commit/8187cf824f8b72f95adc26ea735808af2fea07e9
CommitInfo{repo='GitHub', hash='cb8830aa94ddf97c5a177fdf52d0c415afd9a4c1', version='v0.6.23'} 	https://github.com/rhinogram/rhinostyle/commit/cb8830aa94ddf97c5a177fdf52d0c415afd9a4c1
CommitInfo{repo='GitHub', hash='bd22ce94e89c2b3aa98aaa5dc54cd77429d5ef82', version='v0.6.24'} 	https://github.com/rhinogram/rhinostyle/commit/bd22ce94e89c2b3aa98aaa5dc54cd77429d5ef82
CommitInfo{repo='GitHub', hash='ef4a6a9bb0b99cd68f10a5c5478284002191f09f', version='v0.6.25'} 	https://github.com/rhinogram/rhinostyle/commit/ef4a6a9bb0b99cd68f10a5c5478284002191f09f
CommitInfo{repo='GitHub', hash='c3826f74598c6573e45956eb861be527bd3a40ba', version='v0.6.26'} 	https://github.com/rhinogram/rhinostyle/commit/c3826f74598c6573e45956eb861be527bd3a40ba
CommitInfo{repo='GitHub', hash='096bc4c34814e8bd4ff9d19002783409d33f54c9', version='v0.6.27'} 	https://github.com/rhinogram/rhinostyle/commit/096bc4c34814e8bd4ff9d19002783409d33f54c9
CommitInfo{repo='GitHub', hash='ea8a49adb4a52b7091e98b6d373277da841ba4b4', version='v0.6.28'} 	https://github.com/rhinogram/rhinostyle/commit/ea8a49adb4a52b7091e98b6d373277da841ba4b4
CommitInfo{repo='GitHub', hash='4d5fd734bdf136f9d11828f9f969b124903c692c', version='v0.6.29'} 	https://github.com/rhinogram/rhinostyle/commit/4d5fd734bdf136f9d11828f9f969b124903c692c
CommitInfo{repo='GitHub', hash='eb17e0b313a42c6ce42b90f9dcbcd39bd23e3e86', version='v0.6.3'} 	https://github.com/rhinogram/rhinostyle/commit/eb17e0b313a42c6ce42b90f9dcbcd39bd23e3e86
CommitInfo{repo='GitHub', hash='ec3b7500a292d3bdeaf2d4f0c8736fd6875bde94', version='v0.6.30'} 	https://github.com/rhinogram/rhinostyle/commit/ec3b7500a292d3bdeaf2d4f0c8736fd6875bde94
CommitInfo{repo='GitHub', hash='d03d8b03ef1d57510feac2abd09fc8c4db7e71cc', version='v0.6.31'} 	https://github.com/rhinogram/rhinostyle/commit/d03d8b03ef1d57510feac2abd09fc8c4db7e71cc
CommitInfo{repo='GitHub', hash='1f018d8e4eb8c4fc41531c1365934d5de50f435b', version='v0.6.32'} 	https://github.com/rhinogram/rhinostyle/commit/1f018d8e4eb8c4fc41531c1365934d5de50f435b
CommitInfo{repo='GitHub', hash='72320447e5d2646456260bb9453cd48a0681d5ff', version='v0.6.33'} 	https://github.com/rhinogram/rhinostyle/commit/72320447e5d2646456260bb9453cd48a0681d5ff
CommitInfo{repo='GitHub', hash='1b191025b796465a5c9e6b72b9882fc3e6e114d7', version='v0.6.34'} 	https://github.com/rhinogram/rhinostyle/commit/1b191025b796465a5c9e6b72b9882fc3e6e114d7
CommitInfo{repo='GitHub', hash='0330adcd6aa0da7c57823673a33773f2b8f65f3d', version='v0.6.35'} 	https://github.com/rhinogram/rhinostyle/commit/0330adcd6aa0da7c57823673a33773f2b8f65f3d
CommitInfo{repo='GitHub', hash='af4728efc321f832b402ac6376e8abb29b5bc439', version='v0.6.36'} 	https://github.com/rhinogram/rhinostyle/commit/af4728efc321f832b402ac6376e8abb29b5bc439
CommitInfo{repo='GitHub', hash='2b5756f444e20dcd642f3fef45ff1ac86a97699d', version='v0.6.37'} 	https://github.com/rhinogram/rhinostyle/commit/2b5756f444e20dcd642f3fef45ff1ac86a97699d
CommitInfo{repo='GitHub', hash='e39ece6f57f0430184536a144203039f728dbf38', version='v0.6.38'} 	https://github.com/rhinogram/rhinostyle/commit/e39ece6f57f0430184536a144203039f728dbf38
CommitInfo{repo='GitHub', hash='5bb066af5e307dc78cda1ec49e1745fc7883300b', version='v0.6.39'} 	https://github.com/rhinogram/rhinostyle/commit/5bb066af5e307dc78cda1ec49e1745fc7883300b
CommitInfo{repo='GitHub', hash='db6aa9c8058bcce1d9ed71491fcf9766ee75c575', version='v0.6.4'} 	https://github.com/rhinogram/rhinostyle/commit/db6aa9c8058bcce1d9ed71491fcf9766ee75c575
CommitInfo{repo='GitHub', hash='7c35853f19fd3e396643cafbe5b523ca81221f7f', version='v0.6.5'} 	https://github.com/rhinogram/rhinostyle/commit/7c35853f19fd3e396643cafbe5b523ca81221f7f
CommitInfo{repo='GitHub', hash='3cfaa7f57f2595185180834d664f576fed937b10', version='v0.6.6'} 	https://github.com/rhinogram/rhinostyle/commit/3cfaa7f57f2595185180834d664f576fed937b10
CommitInfo{repo='GitHub', hash='b733036e679d5f0505ba0a038d201beaf38d3fa0', version='v0.6.7'} 	https://github.com/rhinogram/rhinostyle/commit/b733036e679d5f0505ba0a038d201beaf38d3fa0
CommitInfo{repo='GitHub', hash='9a49df05f0b3ddbc9aef6aa846245bd081bf1531', version='v0.6.8'} 	https://github.com/rhinogram/rhinostyle/commit/9a49df05f0b3ddbc9aef6aa846245bd081bf1531
CommitInfo{repo='GitHub', hash='b7d981d40457fa4a074e3c92929049734e974158', version='v0.6.9'} 	https://github.com/rhinogram/rhinostyle/commit/b7d981d40457fa4a074e3c92929049734e974158
CommitInfo{repo='GitHub', hash='4bbb75c0db45fb8a078b44f9a9a89e744fbaa929', version='v0.7.0'} 	https://github.com/rhinogram/rhinostyle/commit/4bbb75c0db45fb8a078b44f9a9a89e744fbaa929
CommitInfo{repo='GitHub', hash='33d6cfce61bf1ae3c8d8500a442b3edbe6901005', version='v0.7.1'} 	https://github.com/rhinogram/rhinostyle/commit/33d6cfce61bf1ae3c8d8500a442b3edbe6901005
CommitInfo{repo='GitHub', hash='6fac06ff99dd075bf5905c0c938720a17266542d', version='v0.8.0'} 	https://github.com/rhinogram/rhinostyle/commit/6fac06ff99dd075bf5905c0c938720a17266542d
CommitInfo{repo='GitHub', hash='a7ebafb12b943119e1746827e65e5ae662841be9', version='v0.8.1'} 	https://github.com/rhinogram/rhinostyle/commit/a7ebafb12b943119e1746827e65e5ae662841be9
CommitInfo{repo='GitHub', hash='f748c902a5fe512e2db036f2bf944aa136f96eed', version='v0.8.10'} 	https://github.com/rhinogram/rhinostyle/commit/f748c902a5fe512e2db036f2bf944aa136f96eed
CommitInfo{repo='GitHub', hash='038cd210f5b7976c2d952a41f3f67bc3da181de8', version='v0.8.2'} 	https://github.com/rhinogram/rhinostyle/commit/038cd210f5b7976c2d952a41f3f67bc3da181de8
CommitInfo{repo='GitHub', hash='9cf33030fa12b2205e691c36b646346e30a228d5', version='v0.8.3'} 	https://github.com/rhinogram/rhinostyle/commit/9cf33030fa12b2205e691c36b646346e30a228d5
CommitInfo{repo='GitHub', hash='798da05383050fe19a33d6b35d5e242d7b5e352b', version='v0.8.4'} 	https://github.com/rhinogram/rhinostyle/commit/798da05383050fe19a33d6b35d5e242d7b5e352b
CommitInfo{repo='GitHub', hash='899a3666eb85c5e7d1febf5e9ab3098506260f9b', version='v0.8.5'} 	https://github.com/rhinogram/rhinostyle/commit/899a3666eb85c5e7d1febf5e9ab3098506260f9b
CommitInfo{repo='GitHub', hash='ac121ee89c5b2054864cc23cb4f93cbb5d9ca724', version='v0.8.6'} 	https://github.com/rhinogram/rhinostyle/commit/ac121ee89c5b2054864cc23cb4f93cbb5d9ca724
CommitInfo{repo='GitHub', hash='45f699703184b8d946b9de510d1f657315cc4b9a', version='v0.8.7'} 	https://github.com/rhinogram/rhinostyle/commit/45f699703184b8d946b9de510d1f657315cc4b9a
CommitInfo{repo='GitHub', hash='d436d95664512f7fb2238e8b51f01fd4d8b7c689', version='v0.8.8'} 	https://github.com/rhinogram/rhinostyle/commit/d436d95664512f7fb2238e8b51f01fd4d8b7c689
CommitInfo{repo='GitHub', hash='0a48f683d53ef7ce232226403cf8021bb69d9869', version='v0.8.9'} 	https://github.com/rhinogram/rhinostyle/commit/0a48f683d53ef7ce232226403cf8021bb69d9869
CommitInfo{repo='GitHub', hash='af6514c787c4857bc4b22e927a9ec1eb51c63eb6', version='v0.9.0'} 	https://github.com/rhinogram/rhinostyle/commit/af6514c787c4857bc4b22e927a9ec1eb51c63eb6
CommitInfo{repo='GitHub', hash='7d878b62d23fd0dec1bd1aaa414a037ab4198c1d', version='v0.9.1'} 	https://github.com/rhinogram/rhinostyle/commit/7d878b62d23fd0dec1bd1aaa414a037ab4198c1d
CommitInfo{repo='GitHub', hash='7470c48811d2c75954424430630ca36f9dbfa39a', version='v0.9.2'} 	https://github.com/rhinogram/rhinostyle/commit/7470c48811d2c75954424430630ca36f9dbfa39a
CommitInfo{repo='GitHub', hash='32635ec726197853e07e04a8f73ae92e7de9d328', version='v0.9.3'} 	https://github.com/rhinogram/rhinostyle/commit/32635ec726197853e07e04a8f73ae92e7de9d328
CommitInfo{repo='GitHub', hash='32635ec726197853e07e04a8f73ae92e7de9d328', version='v0.9.3'} 	https://github.com/rhinogram/rhinostyle/commit/32635ec726197853e07e04a8f73ae92e7de9d328
CommitInfo{repo='GitHub', hash='78774c76e228159341f56c24bb081b408c161ec0', version='v0.9.4'} 	https://github.com/rhinogram/rhinostyle/commit/78774c76e228159341f56c24bb081b408c161ec0
CommitInfo{repo='GitHub', hash='3c95548c9949dcf6a7cf90587cd34a638bf74f53', version='v0.9.5'} 	https://github.com/rhinogram/rhinostyle/commit/3c95548c9949dcf6a7cf90587cd34a638bf74f53
CommitInfo{repo='GitHub', hash='5ba6bd14ef377bba1f29a35d7fefb661f25b29a3', version='v1.0.0'} 	https://github.com/rhinogram/rhinostyle/commit/5ba6bd14ef377bba1f29a35d7fefb661f25b29a3
CommitInfo{repo='GitHub', hash='bdc32020f11817417053f005ce1483a92010b642', version='v1.0.1'} 	https://github.com/rhinogram/rhinostyle/commit/bdc32020f11817417053f005ce1483a92010b642
CommitInfo{repo='GitHub', hash='19256394a03cc78a5575455b4862c2f959699a18', version='v1.0.2'} 	https://github.com/rhinogram/rhinostyle/commit/19256394a03cc78a5575455b4862c2f959699a18
CommitInfo{repo='GitHub', hash='9ef3a8e3d5799a98357e35778539de7ff89ec0ed', version='v1.0.3'} 	https://github.com/rhinogram/rhinostyle/commit/9ef3a8e3d5799a98357e35778539de7ff89ec0ed
CommitInfo{repo='GitHub', hash='ea129a5ff76304820da3d3fb941b05084403595e', version='v1.0.4'} 	https://github.com/rhinogram/rhinostyle/commit/ea129a5ff76304820da3d3fb941b05084403595e
CommitInfo{repo='GitHub', hash='949b75cf4bbaf5619debaf5caa19e2dc0a7e3de9', version='v1.0.5'} 	https://github.com/rhinogram/rhinostyle/commit/949b75cf4bbaf5619debaf5caa19e2dc0a7e3de9
CommitInfo{repo='GitHub', hash='edd01035c0878a23ffb5cc6a5b6bd2f66158e264', version='v1.0.6'} 	https://github.com/rhinogram/rhinostyle/commit/edd01035c0878a23ffb5cc6a5b6bd2f66158e264
CommitInfo{repo='GitHub', hash='725181cf7cf1aa8b03413dd726c494241b1dded4', version='v1.0.7'} 	https://github.com/rhinogram/rhinostyle/commit/725181cf7cf1aa8b03413dd726c494241b1dded4
CommitInfo{repo='GitHub', hash='00d3f5685bbcac3cba35c26cd161e7dcdb25f09c', version='v1.0.8'} 	https://github.com/rhinogram/rhinostyle/commit/00d3f5685bbcac3cba35c26cd161e7dcdb25f09c
CommitInfo{repo='GitHub', hash='d0f4a0559373e4b81f9c212e667685b658f24259', version='v1.0.9'} 	https://github.com/rhinogram/rhinostyle/commit/d0f4a0559373e4b81f9c212e667685b658f24259
CommitInfo{repo='GitHub', hash='0943ab7788e2a7d2deff3ecf3ec48b474c7dac95', version='v1.10.0'} 	https://github.com/rhinogram/rhinostyle/commit/0943ab7788e2a7d2deff3ecf3ec48b474c7dac95
CommitInfo{repo='GitHub', hash='5ba995ba08f16303663a9b0dbf26e333949ebda2', version='v1.10.1'} 	https://github.com/rhinogram/rhinostyle/commit/5ba995ba08f16303663a9b0dbf26e333949ebda2
CommitInfo{repo='GitHub', hash='5ba995ba08f16303663a9b0dbf26e333949ebda2', version='v1.10.1'} 	https://github.com/rhinogram/rhinostyle/commit/5ba995ba08f16303663a9b0dbf26e333949ebda2
CommitInfo{repo='GitHub', hash='90ccfe7b3aeca08c2598a70d50213744a75f9962', version='v1.10.10'} 	https://github.com/rhinogram/rhinostyle/commit/90ccfe7b3aeca08c2598a70d50213744a75f9962
CommitInfo{repo='GitHub', hash='5bd7ede43f120fd3d6c3438646e3e17197150660', version='v1.10.11'} 	https://github.com/rhinogram/rhinostyle/commit/5bd7ede43f120fd3d6c3438646e3e17197150660
CommitInfo{repo='GitHub', hash='70e8a73ece0a1aecaec1993b7fd82a240caa2505', version='v1.10.12'} 	https://github.com/rhinogram/rhinostyle/commit/70e8a73ece0a1aecaec1993b7fd82a240caa2505
CommitInfo{repo='GitHub', hash='df4fce87c9ff5f80c3794496ee8e55ef5b9ad925', version='v1.10.13'} 	https://github.com/rhinogram/rhinostyle/commit/df4fce87c9ff5f80c3794496ee8e55ef5b9ad925
CommitInfo{repo='GitHub', hash='981dd3e0f7b27f58a9a12e203ece12335106fba9', version='v1.10.14'} 	https://github.com/rhinogram/rhinostyle/commit/981dd3e0f7b27f58a9a12e203ece12335106fba9
CommitInfo{repo='GitHub', hash='580b93e34d22c5534da693776617382ff344d837', version='v1.10.15'} 	https://github.com/rhinogram/rhinostyle/commit/580b93e34d22c5534da693776617382ff344d837
CommitInfo{repo='GitHub', hash='bfcd1667026cbf47d2d5b66fe2d62825a4942725', version='v1.10.16'} 	https://github.com/rhinogram/rhinostyle/commit/bfcd1667026cbf47d2d5b66fe2d62825a4942725
CommitInfo{repo='GitHub', hash='5e185604881bcdf5b76e70e3e2750b9e15f5a072', version='v1.10.17'} 	https://github.com/rhinogram/rhinostyle/commit/5e185604881bcdf5b76e70e3e2750b9e15f5a072
CommitInfo{repo='GitHub', hash='b522a91dfdadc6485364fe1bec6ff6cb761a453d', version='v1.10.18'} 	https://github.com/rhinogram/rhinostyle/commit/b522a91dfdadc6485364fe1bec6ff6cb761a453d
CommitInfo{repo='GitHub', hash='6f923075878202dc991f461881457c0adf61bb2d', version='v1.10.19'} 	https://github.com/rhinogram/rhinostyle/commit/6f923075878202dc991f461881457c0adf61bb2d
CommitInfo{repo='GitHub', hash='2d012c9ed71df5d7684406d96f8d3de29e3126f8', version='v1.10.2'} 	https://github.com/rhinogram/rhinostyle/commit/2d012c9ed71df5d7684406d96f8d3de29e3126f8
CommitInfo{repo='GitHub', hash='a42b71744e91b0c1810c2b5628289d55c2df33a3', version='v1.10.20'} 	https://github.com/rhinogram/rhinostyle/commit/a42b71744e91b0c1810c2b5628289d55c2df33a3
CommitInfo{repo='GitHub', hash='2d948618a3885828450819e16545a70e0ce2dcd0', version='v1.10.21'} 	https://github.com/rhinogram/rhinostyle/commit/2d948618a3885828450819e16545a70e0ce2dcd0
CommitInfo{repo='GitHub', hash='20cbe9e033ca18e280810e613b804f2ca4bfbcb2', version='v1.10.22'} 	https://github.com/rhinogram/rhinostyle/commit/20cbe9e033ca18e280810e613b804f2ca4bfbcb2
CommitInfo{repo='GitHub', hash='69073c9764989df2dd9eb313a3d6cc56238cc690', version='v1.10.23'} 	https://github.com/rhinogram/rhinostyle/commit/69073c9764989df2dd9eb313a3d6cc56238cc690
CommitInfo{repo='GitHub', hash='7cea430c9b5f7215aaa54fd7ab5edb3a0012538c', version='v1.10.24'} 	https://github.com/rhinogram/rhinostyle/commit/7cea430c9b5f7215aaa54fd7ab5edb3a0012538c
CommitInfo{repo='GitHub', hash='0e0840d6bc005638a0d554e1ea72dfcba91cbef3', version='v1.10.25'} 	https://github.com/rhinogram/rhinostyle/commit/0e0840d6bc005638a0d554e1ea72dfcba91cbef3
CommitInfo{repo='GitHub', hash='b0e66ded1503b6cd31b402b8a017f58b63891c90', version='v1.10.26'} 	https://github.com/rhinogram/rhinostyle/commit/b0e66ded1503b6cd31b402b8a017f58b63891c90
CommitInfo{repo='GitHub', hash='392fb1f4e140ebb02655381b0c1b74309fa78dd9', version='v1.10.27'} 	https://github.com/rhinogram/rhinostyle/commit/392fb1f4e140ebb02655381b0c1b74309fa78dd9
CommitInfo{repo='GitHub', hash='392fb1f4e140ebb02655381b0c1b74309fa78dd9', version='v1.10.27'} 	https://github.com/rhinogram/rhinostyle/commit/392fb1f4e140ebb02655381b0c1b74309fa78dd9
CommitInfo{repo='GitHub', hash='6d037af3c1b2465fccf80378939d4f8c1798267b', version='v1.10.28'} 	https://github.com/rhinogram/rhinostyle/commit/6d037af3c1b2465fccf80378939d4f8c1798267b
CommitInfo{repo='GitHub', hash='6fbb24d17e0e9e44a4bdef0c8f6ec433ebef0d46', version='v1.10.29'} 	https://github.com/rhinogram/rhinostyle/commit/6fbb24d17e0e9e44a4bdef0c8f6ec433ebef0d46
CommitInfo{repo='GitHub', hash='9514cb0f1266a46080c38201c0839cab8219aeb5', version='v1.10.3'} 	https://github.com/rhinogram/rhinostyle/commit/9514cb0f1266a46080c38201c0839cab8219aeb5
CommitInfo{repo='GitHub', hash='3926a7ddc650ba07a7d1dbc676ba93ddd4231bb6', version='v1.10.30'} 	https://github.com/rhinogram/rhinostyle/commit/3926a7ddc650ba07a7d1dbc676ba93ddd4231bb6
CommitInfo{repo='GitHub', hash='87f7d82e16242d23c612d3d850cf0e83387c963b', version='v1.10.31'} 	https://github.com/rhinogram/rhinostyle/commit/87f7d82e16242d23c612d3d850cf0e83387c963b
CommitInfo{repo='GitHub', hash='0d25b9ee08f0a3a0a05b5dd74a2648c0e38bbcaf', version='v1.10.32'} 	https://github.com/rhinogram/rhinostyle/commit/0d25b9ee08f0a3a0a05b5dd74a2648c0e38bbcaf
CommitInfo{repo='GitHub', hash='fe1dbb5e149dcdf293ed7471c617e0f843f215a1', version='v1.10.33'} 	https://github.com/rhinogram/rhinostyle/commit/fe1dbb5e149dcdf293ed7471c617e0f843f215a1
CommitInfo{repo='GitHub', hash='5248e59fb0ca5abd2d46c9282cbb668cc85613f6', version='v1.10.34'} 	https://github.com/rhinogram/rhinostyle/commit/5248e59fb0ca5abd2d46c9282cbb668cc85613f6
CommitInfo{repo='GitHub', hash='8b03a0ddf5d46c4131e3a58d5074df221239162e', version='v1.10.35'} 	https://github.com/rhinogram/rhinostyle/commit/8b03a0ddf5d46c4131e3a58d5074df221239162e
CommitInfo{repo='GitHub', hash='b4ac3583557505bb5373cdd78a5fc90b67cbd0ad', version='v1.10.36'} 	https://github.com/rhinogram/rhinostyle/commit/b4ac3583557505bb5373cdd78a5fc90b67cbd0ad
CommitInfo{repo='GitHub', hash='f0bfcd6263d0e5ba709cdd704f04d4c5d021f1e1', version='v1.10.37'} 	https://github.com/rhinogram/rhinostyle/commit/f0bfcd6263d0e5ba709cdd704f04d4c5d021f1e1
CommitInfo{repo='GitHub', hash='5a1d5593d7bf1cc45ab19ac459c91ab71be156af', version='v1.10.38'} 	https://github.com/rhinogram/rhinostyle/commit/5a1d5593d7bf1cc45ab19ac459c91ab71be156af
CommitInfo{repo='GitHub', hash='ba1a43ae6717e8dff36e31cfa0695135f59a4ffe', version='v1.10.39'} 	https://github.com/rhinogram/rhinostyle/commit/ba1a43ae6717e8dff36e31cfa0695135f59a4ffe
CommitInfo{repo='GitHub', hash='1efddaba6169d8ecc16217ab2cae54c1393f9017', version='v1.10.4'} 	https://github.com/rhinogram/rhinostyle/commit/1efddaba6169d8ecc16217ab2cae54c1393f9017
CommitInfo{repo='GitHub', hash='77b95dc840d80f0c045980b34e2218d042f268d6', version='v1.10.40'} 	https://github.com/rhinogram/rhinostyle/commit/77b95dc840d80f0c045980b34e2218d042f268d6
CommitInfo{repo='GitHub', hash='e186bbdebebe7e1f81219112dbcc94ab52e3aeaf', version='v1.10.41'} 	https://github.com/rhinogram/rhinostyle/commit/e186bbdebebe7e1f81219112dbcc94ab52e3aeaf
CommitInfo{repo='GitHub', hash='3dcc0f4df62a851bc3b9a30cd75bff8ff7b5489a', version='v1.10.42'} 	https://github.com/rhinogram/rhinostyle/commit/3dcc0f4df62a851bc3b9a30cd75bff8ff7b5489a
CommitInfo{repo='GitHub', hash='68595637c53d8a00d16d9d8138bca1a12dca02f7', version='v1.10.43'} 	https://github.com/rhinogram/rhinostyle/commit/68595637c53d8a00d16d9d8138bca1a12dca02f7
CommitInfo{repo='GitHub', hash='68595637c53d8a00d16d9d8138bca1a12dca02f7', version='v1.10.44'} 	https://github.com/rhinogram/rhinostyle/commit/68595637c53d8a00d16d9d8138bca1a12dca02f7
CommitInfo{repo='GitHub', hash='68595637c53d8a00d16d9d8138bca1a12dca02f7', version='v1.10.45'} 	https://github.com/rhinogram/rhinostyle/commit/68595637c53d8a00d16d9d8138bca1a12dca02f7
CommitInfo{repo='GitHub', hash='66b14e18c6ce590516059a21ea41dc1fbe3430ba', version='v1.10.46'} 	https://github.com/rhinogram/rhinostyle/commit/66b14e18c6ce590516059a21ea41dc1fbe3430ba
CommitInfo{repo='GitHub', hash='29414fcc71eb0900197bd6b238ee4d5ff606d68d', version='v1.10.47'} 	https://github.com/rhinogram/rhinostyle/commit/29414fcc71eb0900197bd6b238ee4d5ff606d68d
CommitInfo{repo='GitHub', hash='213bf28238a8168dddf5dc73102a72307582fade', version='v1.10.48'} 	https://github.com/rhinogram/rhinostyle/commit/213bf28238a8168dddf5dc73102a72307582fade
CommitInfo{repo='GitHub', hash='22a866ad109e1e33a9813e58dac16fb3cc5a4fa5', version='v1.10.49'} 	https://github.com/rhinogram/rhinostyle/commit/22a866ad109e1e33a9813e58dac16fb3cc5a4fa5
CommitInfo{repo='GitHub', hash='16442813880512666d6da1bc1829433e98e72a63', version='v1.10.5'} 	https://github.com/rhinogram/rhinostyle/commit/16442813880512666d6da1bc1829433e98e72a63
CommitInfo{repo='GitHub', hash='560e074beae49389cadd55411a4b7a8d94bbfdd9', version='v1.10.50'} 	https://github.com/rhinogram/rhinostyle/commit/560e074beae49389cadd55411a4b7a8d94bbfdd9
CommitInfo{repo='GitHub', hash='395abfbb40e89262cdeb4d1e325899ad365e2c4e', version='v1.10.51'} 	https://github.com/rhinogram/rhinostyle/commit/395abfbb40e89262cdeb4d1e325899ad365e2c4e
CommitInfo{repo='GitHub', hash='fc3b742862526761dcf59d499a4f237425029bed', version='v1.10.52'} 	https://github.com/rhinogram/rhinostyle/commit/fc3b742862526761dcf59d499a4f237425029bed
CommitInfo{repo='GitHub', hash='5887850c3417a178c00d54a9621816871627e4d2', version='v1.10.53'} 	https://github.com/rhinogram/rhinostyle/commit/5887850c3417a178c00d54a9621816871627e4d2
CommitInfo{repo='GitHub', hash='76344ef6757a9c3e03d2c5edace91e8c7674f782', version='v1.10.54'} 	https://github.com/rhinogram/rhinostyle/commit/76344ef6757a9c3e03d2c5edace91e8c7674f782
CommitInfo{repo='GitHub', hash='a3a996f45392ffefaa5412663d2b1323b5d5da65', version='v1.10.55'} 	https://github.com/rhinogram/rhinostyle/commit/a3a996f45392ffefaa5412663d2b1323b5d5da65
CommitInfo{repo='GitHub', hash='767435a895791fa63960ce4249eea1d876722db8', version='v1.10.56'} 	https://github.com/rhinogram/rhinostyle/commit/767435a895791fa63960ce4249eea1d876722db8
CommitInfo{repo='GitHub', hash='d5c62bdb8021637fc012b1b46d1a95c7fa1d707a', version='v1.10.57'} 	https://github.com/rhinogram/rhinostyle/commit/d5c62bdb8021637fc012b1b46d1a95c7fa1d707a
CommitInfo{repo='GitHub', hash='b8f156fe21fedaea38fc65038f4f4aa3067f3c1c', version='v1.10.58'} 	https://github.com/rhinogram/rhinostyle/commit/b8f156fe21fedaea38fc65038f4f4aa3067f3c1c
CommitInfo{repo='GitHub', hash='7bb23394920e39f70622807c5ca3a89c5f2e815b', version='v1.10.59'} 	https://github.com/rhinogram/rhinostyle/commit/7bb23394920e39f70622807c5ca3a89c5f2e815b
CommitInfo{repo='GitHub', hash='698873e3643c219d758667289fc82a22e7da975e', version='v1.10.6'} 	https://github.com/rhinogram/rhinostyle/commit/698873e3643c219d758667289fc82a22e7da975e
CommitInfo{repo='GitHub', hash='e7457ff128b5ff383d73e3b9d6fe1471540d3efb', version='v1.10.60'} 	https://github.com/rhinogram/rhinostyle/commit/e7457ff128b5ff383d73e3b9d6fe1471540d3efb
CommitInfo{repo='GitHub', hash='d325d2ad028da88bb9bd2ebd65da5a37e173f79b', version='v1.10.61'} 	https://github.com/rhinogram/rhinostyle/commit/d325d2ad028da88bb9bd2ebd65da5a37e173f79b
CommitInfo{repo='GitHub', hash='340330df3f19cdd88a82613c1ab82a2de8d94ae5', version='v1.10.64'} 	https://github.com/rhinogram/rhinostyle/commit/340330df3f19cdd88a82613c1ab82a2de8d94ae5
CommitInfo{repo='GitHub', hash='feb7b91c49e181a6f29d240d055b6355c7959a68', version='v1.10.7'} 	https://github.com/rhinogram/rhinostyle/commit/feb7b91c49e181a6f29d240d055b6355c7959a68
CommitInfo{repo='GitHub', hash='1489df2b4f4c285f36b239f5d75e2dbeba3866f1', version='v1.10.8'} 	https://github.com/rhinogram/rhinostyle/commit/1489df2b4f4c285f36b239f5d75e2dbeba3866f1
CommitInfo{repo='GitHub', hash='1489df2b4f4c285f36b239f5d75e2dbeba3866f1', version='v1.10.8'} 	https://github.com/rhinogram/rhinostyle/commit/1489df2b4f4c285f36b239f5d75e2dbeba3866f1
CommitInfo{repo='GitHub', hash='1489df2b4f4c285f36b239f5d75e2dbeba3866f1', version='v1.10.8'} 	https://github.com/rhinogram/rhinostyle/commit/1489df2b4f4c285f36b239f5d75e2dbeba3866f1
CommitInfo{repo='GitHub', hash='81fdefae8a67ab36b83eb1769821523293cfebe6', version='v1.10.9'} 	https://github.com/rhinogram/rhinostyle/commit/81fdefae8a67ab36b83eb1769821523293cfebe6

Project A:
ProjectVersionFixed(version=0.1.0-rc2, dependency=null, time=2016-07-20 18:24:02 UTC)
ProjectVersionFixed(version=0.1.0-rc3, dependency=null, time=2016-07-20 18:37:18 UTC)
ProjectVersionFixed(version=0.1.0-rc4, dependency=null, time=2016-07-20 21:11:34 UTC)
ProjectVersionFixed(version=0.1.0-rc5, dependency=null, time=2016-07-28 18:45:49 UTC)
ProjectVersionFixed(version=0.1.0-rc6, dependency=null, time=2016-07-28 20:07:22 UTC)
ProjectVersionFixed(version=0.1.0-rc7, dependency=null, time=2016-07-29 16:00:32 UTC)
ProjectVersionFixed(version=0.1.0-rc8, dependency=null, time=2016-08-02 14:30:51 UTC)
ProjectVersionFixed(version=0.1.0-rc9, dependency=null, time=2016-08-05 15:33:19 UTC)
ProjectVersionFixed(version=0.1.0-rc10, dependency=null, time=2016-08-05 18:25:34 UTC)
ProjectVersionFixed(version=0.1.0-rc11, dependency=null, time=2016-08-09 15:34:09 UTC)
ProjectVersionFixed(version=0.1.0-rc12, dependency=null, time=2016-08-09 15:49:11 UTC)
ProjectVersionFixed(version=0.1.0-rc13, dependency=null, time=2016-08-17 12:58:24 UTC)
ProjectVersionFixed(version=0.1.0-rc14, dependency=null, time=2016-08-23 15:31:26 UTC)
ProjectVersionFixed(version=0.1.0, dependency=null, time=2016-09-14 17:54:39 UTC)
ProjectVersionFixed(version=0.1.1, dependency=null, time=2016-09-14 18:06:18 UTC)
ProjectVersionFixed(version=0.1.2, dependency=null, time=2016-09-14 19:41:07 UTC)
ProjectVersionFixed(version=0.1.3, dependency=null, time=2016-09-20 13:59:45 UTC)
ProjectVersionFixed(version=0.1.4, dependency=null, time=2016-09-21 17:29:14 UTC)
ProjectVersionFixed(version=0.1.5, dependency=null, time=2016-09-21 17:51:42 UTC)
ProjectVersionFixed(version=0.1.6, dependency=null, time=2016-09-21 18:01:45 UTC)
ProjectVersionFixed(version=0.1.7, dependency=null, time=2016-09-27 20:25:45 UTC)
ProjectVersionFixed(version=0.1.8, dependency=null, time=2016-09-27 20:27:51 UTC)
ProjectVersionFixed(version=0.1.9, dependency=null, time=2016-09-29 20:57:00 UTC)
ProjectVersionFixed(version=0.2.0, dependency=null, time=2016-10-03 13:22:30 UTC)
ProjectVersionFixed(version=0.2.1, dependency=null, time=2016-10-03 15:04:13 UTC)
ProjectVersionFixed(version=0.2.2, dependency=null, time=2016-10-11 17:22:10 UTC)
ProjectVersionFixed(version=0.2.3, dependency=null, time=2016-10-21 23:11:23 UTC)
ProjectVersionFixed(version=0.2.4, dependency=null, time=2016-10-24 18:40:51 UTC)
ProjectVersionFixed(version=0.2.5, dependency=null, time=2016-10-25 15:07:11 UTC)
ProjectVersionFixed(version=0.2.6, dependency=null, time=2016-10-29 00:45:04 UTC)
ProjectVersionFixed(version=0.2.7, dependency=null, time=2016-11-01 19:34:59 UTC)
ProjectVersionFixed(version=0.2.8, dependency=null, time=2016-11-14 20:40:15 UTC)
ProjectVersionFixed(version=0.2.9, dependency=null, time=2016-11-17 19:13:11 UTC)
ProjectVersionFixed(version=0.3.0, dependency=null, time=2016-11-23 03:35:04 UTC)
ProjectVersionFixed(version=0.3.1, dependency=null, time=2016-11-23 16:42:22 UTC)
ProjectVersionFixed(version=0.3.3, dependency=null, time=2016-11-30 14:31:12 UTC)
ProjectVersionFixed(version=0.3.4, dependency=null, time=2016-12-02 01:06:13 UTC)
ProjectVersionFixed(version=0.3.5, dependency=null, time=2016-12-06 01:23:29 UTC)
ProjectVersionFixed(version=0.3.6, dependency=null, time=2016-12-06 14:45:42 UTC)
ProjectVersionFixed(version=0.3.7, dependency=null, time=2016-12-07 14:21:46 UTC)
ProjectVersionFixed(version=0.3.8, dependency=null, time=2016-12-07 19:03:04 UTC)
ProjectVersionFixed(version=0.3.9, dependency=null, time=2016-12-07 20:23:41 UTC)
ProjectVersionFixed(version=0.3.10, dependency=null, time=2016-12-08 16:54:34 UTC)
ProjectVersionFixed(version=0.3.11, dependency=null, time=2016-12-13 16:29:08 UTC)
ProjectVersionFixed(version=0.3.12, dependency=null, time=2016-12-13 20:42:21 UTC)
ProjectVersionFixed(version=0.3.13, dependency=null, time=2016-12-16 19:56:50 UTC)
ProjectVersionFixed(version=0.3.14, dependency=null, time=2016-12-19 20:16:28 UTC)
ProjectVersionFixed(version=0.3.15, dependency=null, time=2016-12-23 14:17:01 UTC)
ProjectVersionFixed(version=0.3.16, dependency=null, time=2016-12-23 15:17:29 UTC)
ProjectVersionFixed(version=0.3.17, dependency=null, time=2016-12-27 17:20:49 UTC)
ProjectVersionFixed(version=0.4.0, dependency=null, time=2016-12-27 21:41:09 UTC)
ProjectVersionFixed(version=0.4.1, dependency=null, time=2016-12-28 15:59:28 UTC)
ProjectVersionFixed(version=0.4.2, dependency=null, time=2016-12-29 21:59:43 UTC)
ProjectVersionFixed(version=0.4.3, dependency=null, time=2016-12-29 22:03:45 UTC)
ProjectVersionFixed(version=0.4.4, dependency=null, time=2016-12-30 23:23:12 UTC)
ProjectVersionFixed(version=0.4.5, dependency=null, time=2017-01-05 15:58:37 UTC)
ProjectVersionFixed(version=0.4.6, dependency=null, time=2017-01-11 14:00:11 UTC)
ProjectVersionFixed(version=0.4.7, dependency=null, time=2017-01-11 20:32:45 UTC)
ProjectVersionFixed(version=0.4.8, dependency=null, time=2017-01-11 20:38:09 UTC)
ProjectVersionFixed(version=0.4.9, dependency=null, time=2017-01-13 18:54:49 UTC)
ProjectVersionFixed(version=0.5.0, dependency=null, time=2017-01-26 18:55:50 UTC)
ProjectVersionFixed(version=0.5.1, dependency=null, time=2017-01-27 15:24:07 UTC)
ProjectVersionFixed(version=0.5.2, dependency=null, time=2017-01-27 15:45:54 UTC)
ProjectVersionFixed(version=0.5.3, dependency=null, time=2017-01-27 16:16:58 UTC)
ProjectVersionFixed(version=0.5.4, dependency=null, time=2017-01-27 20:23:46 UTC)
ProjectVersionFixed(version=0.5.5, dependency=null, time=2017-01-30 16:57:01 UTC)
ProjectVersionFixed(version=0.5.6, dependency=null, time=2017-02-01 14:38:12 UTC)
ProjectVersionFixed(version=0.5.7, dependency=null, time=2017-02-01 15:38:54 UTC)
ProjectVersionFixed(version=0.6.0, dependency=null, time=2017-02-02 20:36:32 UTC)
ProjectVersionFixed(version=0.6.1, dependency=null, time=2017-02-02 21:25:55 UTC)
ProjectVersionFixed(version=0.6.8, dependency=null, time=2017-02-02 22:24:47 UTC)
ProjectVersionFixed(version=0.6.9, dependency=null, time=2017-02-02 22:26:51 UTC)
ProjectVersionFixed(version=0.6.10, dependency=null, time=2017-02-03 14:44:41 UTC)
ProjectVersionFixed(version=0.6.11, dependency=null, time=2017-02-03 14:56:59 UTC)
ProjectVersionFixed(version=0.6.13, dependency=null, time=2017-02-03 15:02:22 UTC)
ProjectVersionFixed(version=0.6.14, dependency=null, time=2017-02-03 15:24:05 UTC)
ProjectVersionFixed(version=0.6.15, dependency=null, time=2017-02-08 18:35:55 UTC)
ProjectVersionFixed(version=0.6.16, dependency=null, time=2017-02-15 19:19:16 UTC)
ProjectVersionFixed(version=0.6.17, dependency=null, time=2017-02-15 19:42:52 UTC)
ProjectVersionFixed(version=0.6.18, dependency=null, time=2017-02-16 21:55:54 UTC)
ProjectVersionFixed(version=0.6.19, dependency=null, time=2017-02-21 19:21:00 UTC)
ProjectVersionFixed(version=0.6.20, dependency=null, time=2017-02-28 16:53:14 UTC)
ProjectVersionFixed(version=0.6.21, dependency=null, time=2017-03-01 18:32:07 UTC)
ProjectVersionFixed(version=0.6.22, dependency=3.4.2, time=2017-03-02 19:29:55 UTC),	Latest, "null"

ProjectVersionFixed(version=0.6.23, dependency=3.4.2, time=2017-03-03 15:22:37 UTC),	Latest, "null"

ProjectVersionFixed(version=0.6.24, dependency=3.4.2, time=2017-03-06 20:38:24 UTC),	Latest, "null"

ProjectVersionFixed(version=0.6.25, dependency=3.4.2, time=2017-03-20 17:48:37 UTC),	Latest, "null"

ProjectVersionFixed(version=0.6.26, dependency=3.4.2, time=2017-03-24 18:57:04 UTC),	Latest, "null"

ProjectVersionFixed(version=0.6.27, dependency=3.4.2, time=2017-03-28 21:21:29 UTC),	Latest, "null"

ProjectVersionFixed(version=0.6.28, dependency=3.4.2, time=2017-03-30 17:11:24 UTC),	Latest, "null"

ProjectVersionFixed(version=0.6.29, dependency=3.4.2, time=2017-04-03 15:59:15 UTC),	Latest, "null"

ProjectVersionFixed(version=0.6.30, dependency=3.4.2, time=2017-04-05 17:58:14 UTC),	Latest, "null"

ProjectVersionFixed(version=0.6.31, dependency=3.4.2, time=2017-04-07 17:51:04 UTC),	Latest, "null"

ProjectVersionFixed(version=0.6.32, dependency=3.4.2, time=2017-04-14 14:13:38 UTC),	Latest, "null"

ProjectVersionFixed(version=0.6.33, dependency=3.4.2, time=2017-04-17 15:00:36 UTC),	Latest, "null"

ProjectVersionFixed(version=0.6.34, dependency=3.4.2, time=2017-04-17 15:11:22 UTC),	Latest, "null"

ProjectVersionFixed(version=0.6.35, dependency=3.4.2, time=2017-04-17 15:40:28 UTC),	Latest, "null"

ProjectVersionFixed(version=0.6.36, dependency=3.4.2, time=2017-04-17 17:49:09 UTC),	Latest, "null"

ProjectVersionFixed(version=0.6.37, dependency=3.4.2, time=2017-04-17 18:16:34 UTC),	Latest, "null"

ProjectVersionFixed(version=0.6.38, dependency=3.4.2, time=2017-04-19 15:12:14 UTC),	Latest, "null"

ProjectVersionFixed(version=0.6.39, dependency=3.4.2, time=2017-04-25 16:47:54 UTC),	Latest, "DependencyVersion(version=3.4.3, time=2017-04-20 23:28:56 UTC)"

ProjectVersionFixed(version=0.7.0, dependency=3.4.2, time=2017-04-28 16:00:35 UTC),	Latest, "DependencyVersion(version=3.4.3, time=2017-04-20 23:28:56 UTC)"

ProjectVersionFixed(version=0.7.1, dependency=3.4.2, time=2017-05-09 17:46:21 UTC),	Latest, "DependencyVersion(version=3.4.3, time=2017-04-20 23:28:56 UTC)"

ProjectVersionFixed(version=0.8.0, dependency=3.4.2, time=2017-05-15 15:40:12 UTC),	Latest, "DependencyVersion(version=3.4.3, time=2017-04-20 23:28:56 UTC)"

ProjectVersionFixed(version=0.8.1, dependency=3.4.2, time=2017-05-15 17:38:15 UTC),	Latest, "DependencyVersion(version=3.4.3, time=2017-04-20 23:28:56 UTC)"

ProjectVersionFixed(version=0.8.2, dependency=3.4.2, time=2017-05-15 18:12:29 UTC),	Latest, "DependencyVersion(version=3.4.3, time=2017-04-20 23:28:56 UTC)"

ProjectVersionFixed(version=0.8.3, dependency=3.4.2, time=2017-05-15 18:39:06 UTC),	Latest, "DependencyVersion(version=3.4.3, time=2017-04-20 23:28:56 UTC)"

ProjectVersionFixed(version=0.8.4, dependency=3.4.2, time=2017-05-19 17:43:14 UTC),	Latest, "DependencyVersion(version=3.4.3, time=2017-04-20 23:28:56 UTC)"

ProjectVersionFixed(version=0.8.5, dependency=3.4.2, time=2017-05-24 20:53:56 UTC),	Latest, "DependencyVersion(version=3.4.3, time=2017-04-20 23:28:56 UTC)"

ProjectVersionFixed(version=0.8.6, dependency=3.4.2, time=2017-05-26 15:44:35 UTC),	Latest, "DependencyVersion(version=3.4.3, time=2017-04-20 23:28:56 UTC)"

ProjectVersionFixed(version=0.8.7, dependency=3.4.2, time=2017-05-26 18:42:27 UTC),	Latest, "DependencyVersion(version=3.4.3, time=2017-04-20 23:28:56 UTC)"

ProjectVersionFixed(version=0.8.8, dependency=4.0.0, time=2017-06-01 18:40:28 UTC),	Latest, "null"

ProjectVersionFixed(version=0.8.9, dependency=4.0.0, time=2017-06-05 20:30:54 UTC),	Latest, "null"

ProjectVersionFixed(version=0.8.10, dependency=4.0.0, time=2017-06-16 16:12:25 UTC),	Latest, "DependencyVersion(version=4.1.0, time=2017-06-15 00:24:18 UTC)"

ProjectVersionFixed(version=0.9.0, dependency=4.0.0, time=2017-06-20 20:21:11 UTC),	Latest, "DependencyVersion(version=4.1.0, time=2017-06-15 00:24:18 UTC)"

ProjectVersionFixed(version=0.9.1, dependency=4.0.0, time=2017-06-22 18:54:19 UTC),	Latest, "DependencyVersion(version=4.1.0, time=2017-06-15 00:24:18 UTC)"

ProjectVersionFixed(version=0.9.2, dependency=4.0.0, time=2017-06-22 19:12:18 UTC),	Latest, "DependencyVersion(version=4.1.0, time=2017-06-15 00:24:18 UTC)"

ProjectVersionFixed(version=0.9.3, dependency=4.0.0, time=2017-06-26 14:07:21 UTC),	Latest, "DependencyVersion(version=4.1.0, time=2017-06-15 00:24:18 UTC)"

ProjectVersionFixed(version=0.9.4, dependency=4.0.0, time=2017-06-26 15:52:48 UTC),	Latest, "DependencyVersion(version=4.1.0, time=2017-06-15 00:24:18 UTC)"

ProjectVersionFixed(version=0.9.5, dependency=4.0.0, time=2017-07-05 13:52:10 UTC),	Latest, "DependencyVersion(version=4.1.0, time=2017-06-15 00:24:18 UTC)"

ProjectVersionFixed(version=0.10.0, dependency=4.1.0, time=2017-07-10 13:36:26 UTC),	Latest, "null"

ProjectVersionFixed(version=0.10.1, dependency=4.1.0, time=2017-07-13 14:50:03 UTC),	Latest, "null"

ProjectVersionFixed(version=0.10.2, dependency=4.1.0, time=2017-07-20 13:17:34 UTC),	Latest, "null"

ProjectVersionFixed(version=0.10.3, dependency=4.1.0, time=2017-07-20 16:28:40 UTC),	Latest, "null"

ProjectVersionFixed(version=0.10.4, dependency=4.1.0, time=2017-07-21 15:02:18 UTC),	Latest, "null"

ProjectVersionFixed(version=0.10.5, dependency=4.1.0, time=2017-07-21 18:39:12 UTC),	Latest, "null"

ProjectVersionFixed(version=0.10.6, dependency=4.1.0, time=2017-07-25 18:53:18 UTC),	Latest, "null"

ProjectVersionFixed(version=0.10.7, dependency=4.1.0, time=2017-07-25 19:55:25 UTC),	Latest, "null"

ProjectVersionFixed(version=0.10.8, dependency=4.1.0, time=2017-07-31 17:22:35 UTC),	Latest, "null"

ProjectVersionFixed(version=0.11.0, dependency=4.1.0, time=2017-07-31 18:55:19 UTC),	Latest, "null"

ProjectVersionFixed(version=0.11.1, dependency=4.1.0, time=2017-08-02 16:32:55 UTC),	Latest, "null"

ProjectVersionFixed(version=0.11.2, dependency=4.1.0, time=2017-08-02 20:16:08 UTC),	Latest, "null"

ProjectVersionFixed(version=0.11.3, dependency=4.1.0, time=2017-08-03 14:16:47 UTC),	Latest, "null"

ProjectVersionFixed(version=0.11.4, dependency=4.1.0, time=2017-08-07 20:37:25 UTC),	Latest, "null"

ProjectVersionFixed(version=0.11.5, dependency=4.1.0, time=2017-08-08 18:09:25 UTC),	Latest, "null"

ProjectVersionFixed(version=0.11.6, dependency=4.1.0, time=2017-08-11 22:03:46 UTC),	Latest, "null"

ProjectVersionFixed(version=0.11.7, dependency=4.1.0, time=2017-08-15 16:12:50 UTC),	Latest, "null"

ProjectVersionFixed(version=0.11.8, dependency=4.1.0, time=2017-08-15 17:03:36 UTC),	Latest, "null"

ProjectVersionFixed(version=0.11.9, dependency=4.1.0, time=2017-08-15 17:29:47 UTC),	Latest, "null"

ProjectVersionFixed(version=0.11.10, dependency=4.1.0, time=2017-08-17 15:07:58 UTC),	Latest, "null"

ProjectVersionFixed(version=0.11.11, dependency=4.1.0, time=2017-08-24 16:10:14 UTC),	Latest, "null"

ProjectVersionFixed(version=0.11.12, dependency=4.1.0, time=2017-09-07 14:47:32 UTC),	Latest, "DependencyVersion(version=4.2.0, time=2017-09-06 12:09:08 UTC)"

ProjectVersionFixed(version=0.11.13, dependency=4.1.0, time=2017-09-12 14:58:02 UTC),	Latest, "DependencyVersion(version=4.2.1, time=2017-09-07 22:52:03 UTC)"

ProjectVersionFixed(version=0.11.14, dependency=4.1.0, time=2017-09-13 17:07:05 UTC),	Latest, "DependencyVersion(version=4.2.1, time=2017-09-07 22:52:03 UTC)"

ProjectVersionFixed(version=0.11.15, dependency=4.2.1, time=2017-09-14 19:23:06 UTC),	Latest, "null"

ProjectVersionFixed(version=0.11.16, dependency=null, time=2017-09-22 18:25:17 UTC)
ProjectVersionFixed(version=0.11.17, dependency=4.2.1, time=2017-09-28 15:39:55 UTC),	Latest, "null"

ProjectVersionFixed(version=0.11.18, dependency=4.2.1, time=2017-10-03 15:43:53 UTC),	Latest, "null"

ProjectVersionFixed(version=0.11.19, dependency=4.2.1, time=2017-10-03 16:03:17 UTC),	Latest, "null"

ProjectVersionFixed(version=0.11.20, dependency=4.2.1, time=2017-10-06 14:32:19 UTC),	Latest, "DependencyVersion(version=4.2.2, time=2017-10-05 01:31:09 UTC)"

ProjectVersionFixed(version=0.11.21, dependency=4.2.1, time=2017-10-09 14:13:31 UTC),	Latest, "DependencyVersion(version=4.2.2, time=2017-10-05 01:31:09 UTC)"

ProjectVersionFixed(version=0.11.22, dependency=4.2.1, time=2017-10-11 17:40:33 UTC),	Latest, "DependencyVersion(version=4.2.2, time=2017-10-05 01:31:09 UTC)"

ProjectVersionFixed(version=0.12.0, dependency=4.3.0, time=2017-10-20 18:56:34 UTC),	Latest, "null"

ProjectVersionFixed(version=0.12.1, dependency=4.2.1, time=2017-10-23 14:41:26 UTC),	Latest, "DependencyVersion(version=4.3.0, time=2017-10-13 00:08:23 UTC)"

ProjectVersionFixed(version=0.12.2, dependency=4.2.1, time=2017-10-23 18:23:21 UTC),	Latest, "DependencyVersion(version=4.3.0, time=2017-10-13 00:08:23 UTC)"

ProjectVersionFixed(version=0.12.3, dependency=4.2.1, time=2017-10-23 18:38:05 UTC),	Latest, "DependencyVersion(version=4.3.0, time=2017-10-13 00:08:23 UTC)"

ProjectVersionFixed(version=0.12.4, dependency=4.2.1, time=2017-11-09 19:48:59 UTC),	Latest, "DependencyVersion(version=4.3.0, time=2017-10-13 00:08:23 UTC)"

ProjectVersionFixed(version=0.13.0, dependency=4.3.0, time=2017-11-15 16:11:50 UTC),	Latest, "null"

ProjectVersionFixed(version=0.13.1, dependency=4.5.0, time=2018-01-25 15:47:18 UTC),	Latest, "null"

ProjectVersionFixed(version=0.13.2, dependency=4.5.0, time=2018-01-26 19:55:58 UTC),	Latest, "null"

ProjectVersionFixed(version=0.13.3, dependency=4.5.0, time=2018-01-26 19:58:00 UTC),	Latest, "null"

ProjectVersionFixed(version=0.13.4, dependency=4.5.0, time=2018-02-19 16:47:24 UTC),	Latest, "null"

ProjectVersionFixed(version=1.0.0, dependency=null, time=2018-04-05 14:36:52 UTC)
ProjectVersionFixed(version=1.0.1, dependency=null, time=2018-04-12 17:50:54 UTC)
ProjectVersionFixed(version=1.0.2, dependency=null, time=2018-04-17 17:51:55 UTC)
ProjectVersionFixed(version=1.0.3, dependency=null, time=2018-04-19 14:42:38 UTC)
ProjectVersionFixed(version=1.0.4, dependency=null, time=2018-04-20 14:04:43 UTC)
ProjectVersionFixed(version=1.0.5, dependency=null, time=2018-04-23 17:29:03 UTC)
ProjectVersionFixed(version=1.0.6, dependency=null, time=2018-05-01 15:08:49 UTC)
ProjectVersionFixed(version=1.0.7, dependency=null, time=2018-05-04 13:44:30 UTC)
ProjectVersionFixed(version=1.0.8, dependency=null, time=2018-05-09 17:26:49 UTC)
ProjectVersionFixed(version=1.0.9, dependency=null, time=2018-05-23 15:15:29 UTC)
ProjectVersionFixed(version=1.10.0, dependency=null, time=2018-05-23 15:27:58 UTC)
ProjectVersionFixed(version=1.10.1, dependency=null, time=2018-05-23 16:02:19 UTC)
ProjectVersionFixed(version=1.10.2, dependency=null, time=2018-05-23 18:29:33 UTC)
ProjectVersionFixed(version=1.10.3, dependency=null, time=2018-05-23 18:37:07 UTC)
ProjectVersionFixed(version=1.10.4, dependency=null, time=2018-05-23 19:34:17 UTC)
ProjectVersionFixed(version=1.10.5, dependency=null, time=2018-05-23 19:51:35 UTC)
ProjectVersionFixed(version=1.10.6, dependency=null, time=2018-05-24 13:34:26 UTC)
ProjectVersionFixed(version=1.10.7, dependency=null, time=2018-05-24 14:11:42 UTC)
ProjectVersionFixed(version=1.10.8, dependency=null, time=2018-05-25 01:23:41 UTC)
ProjectVersionFixed(version=1.10.9, dependency=null, time=2018-05-25 15:27:30 UTC)
ProjectVersionFixed(version=1.10.10, dependency=null, time=2018-05-29 14:29:10 UTC)
ProjectVersionFixed(version=1.10.11, dependency=null, time=2018-05-30 16:53:15 UTC)
ProjectVersionFixed(version=1.10.12, dependency=null, time=2018-05-31 15:25:55 UTC)
ProjectVersionFixed(version=1.10.13, dependency=null, time=2018-06-01 13:44:18 UTC)
ProjectVersionFixed(version=1.10.14, dependency=null, time=2018-06-01 23:37:51 UTC)
ProjectVersionFixed(version=1.10.15, dependency=null, time=2018-06-05 15:59:16 UTC)
ProjectVersionFixed(version=1.10.16, dependency=null, time=2018-06-05 18:07:43 UTC)
ProjectVersionFixed(version=1.10.17, dependency=null, time=2018-06-06 14:37:29 UTC)
ProjectVersionFixed(version=1.10.18, dependency=null, time=2018-06-11 14:55:02 UTC)
ProjectVersionFixed(version=1.10.19, dependency=null, time=2018-06-13 19:40:04 UTC)
ProjectVersionFixed(version=1.10.20, dependency=null, time=2018-06-20 15:00:17 UTC)
ProjectVersionFixed(version=1.10.21, dependency=null, time=2018-06-20 18:11:46 UTC)
ProjectVersionFixed(version=1.10.22, dependency=null, time=2018-06-21 15:19:39 UTC)
ProjectVersionFixed(version=1.10.23, dependency=null, time=2018-06-21 15:29:31 UTC)
ProjectVersionFixed(version=1.10.24, dependency=null, time=2018-06-21 15:49:49 UTC)
ProjectVersionFixed(version=1.10.25, dependency=null, time=2018-06-28 15:11:17 UTC)
ProjectVersionFixed(version=1.10.26, dependency=null, time=2018-06-29 18:25:24 UTC)
ProjectVersionFixed(version=1.10.27, dependency=null, time=2018-06-29 19:02:21 UTC)
ProjectVersionFixed(version=1.10.28, dependency=null, time=2018-07-02 15:50:35 UTC)
ProjectVersionFixed(version=1.10.29, dependency=null, time=2018-07-06 16:12:12 UTC)
ProjectVersionFixed(version=1.10.30, dependency=null, time=2018-07-11 16:21:30 UTC)
ProjectVersionFixed(version=1.10.31, dependency=null, time=2018-07-13 15:01:48 UTC)
ProjectVersionFixed(version=1.10.32, dependency=null, time=2018-07-13 15:17:55 UTC)
ProjectVersionFixed(version=1.10.33, dependency=null, time=2018-07-16 14:03:47 UTC)
ProjectVersionFixed(version=1.10.34, dependency=null, time=2018-07-23 15:02:15 UTC)
ProjectVersionFixed(version=1.10.35, dependency=null, time=2018-07-24 15:57:39 UTC)
ProjectVersionFixed(version=1.10.36, dependency=null, time=2018-07-27 18:45:41 UTC)
ProjectVersionFixed(version=1.10.37, dependency=null, time=2018-08-06 17:39:47 UTC)
ProjectVersionFixed(version=1.10.38, dependency=null, time=2018-08-09 18:35:40 UTC)
ProjectVersionFixed(version=1.10.39, dependency=null, time=2018-08-14 15:14:25 UTC)
ProjectVersionFixed(version=1.10.40, dependency=null, time=2018-08-15 14:20:29 UTC)
ProjectVersionFixed(version=1.10.41, dependency=null, time=2018-08-21 17:21:56 UTC)
ProjectVersionFixed(version=1.10.42, dependency=null, time=2018-08-21 18:55:35 UTC)

Project B:
DependencyVersion(version=1.0.2, time=2016-02-15 00:07:59 UTC)
DependencyVersion(version=1.0.3, time=2016-02-15 00:56:00 UTC)
DependencyVersion(version=1.0.4, time=2016-02-15 06:49:22 UTC)
DependencyVersion(version=1.0.5, time=2016-02-16 11:10:57 UTC)
DependencyVersion(version=1.1.0, time=2016-03-16 07:54:11 UTC)
DependencyVersion(version=1.1.1, time=2016-03-22 07:54:05 UTC)
DependencyVersion(version=1.1.2, time=2016-04-05 01:34:09 UTC)
DependencyVersion(version=2.0.0, time=2016-04-14 05:56:34 UTC)
DependencyVersion(version=2.1.0, time=2016-04-28 15:04:41 UTC)
DependencyVersion(version=2.2.0, time=2016-06-17 05:48:37 UTC)
DependencyVersion(version=3.0.0, time=2016-07-19 01:51:53 UTC)
DependencyVersion(version=3.0.1, time=2016-07-27 04:24:51 UTC)
DependencyVersion(version=3.0.2, time=2016-07-27 04:57:40 UTC)
DependencyVersion(version=3.0.3, time=2016-07-28 07:17:27 UTC)
DependencyVersion(version=3.1.0, time=2016-08-20 17:08:37 UTC)
DependencyVersion(version=3.2.0, time=2016-11-09 00:58:36 UTC)
DependencyVersion(version=3.2.1, time=2016-11-24 04:59:03 UTC)
DependencyVersion(version=3.2.2, time=2016-11-25 00:00:29 UTC)
DependencyVersion(version=3.3.0, time=2016-11-28 01:58:19 UTC)
DependencyVersion(version=3.3.1, time=2016-12-01 23:44:29 UTC)
DependencyVersion(version=3.4.0, time=2016-12-06 00:29:14 UTC)
DependencyVersion(version=3.4.1, time=2016-12-14 02:14:19 UTC)
DependencyVersion(version=3.4.2, time=2017-01-21 08:06:18 UTC)
DependencyVersion(version=3.4.3, time=2017-04-20 23:28:56 UTC)
DependencyVersion(version=3.5.0, time=2017-05-28 05:45:10 UTC)
DependencyVersion(version=4.0.0, time=2017-05-28 05:58:23 UTC)
DependencyVersion(version=4.1.0, time=2017-06-15 00:24:18 UTC)
DependencyVersion(version=4.2.0, time=2017-09-06 12:09:08 UTC)
DependencyVersion(version=4.2.1, time=2017-09-07 22:52:03 UTC)
DependencyVersion(version=4.2.2, time=2017-10-05 01:31:09 UTC)
DependencyVersion(version=4.3.0, time=2017-10-13 00:08:23 UTC)
DependencyVersion(version=4.4.0, time=2017-12-17 13:47:18 UTC)
DependencyVersion(version=4.4.1, time=2018-01-14 02:16:57 UTC)
DependencyVersion(version=4.5.0, time=2018-01-21 00:57:17 UTC)
DependencyVersion(version=4.6.0, time=2018-03-09 00:10:54 UTC)
DependencyVersion(version=5.0.0, time=2018-04-29 00:42:37 UTC)
DependencyVersion(version=5.1.0, time=2018-12-10 00:16:23 UTC)