Raw Values,FORWARDS_MAJOR,FORWARDS_MINOR,FORWARDS_MICRO,NO_CHANGE,BACKWARD_MICRO,BACKWARD_MINOR,BACKWARD_MAJOR,Total
Major Lag,8.0,135.0,234.0,3563.0,1.0,0.0,10.0,3951
Major Minor Lag,4.0,17.0,119.0,4049.0,0.0,0.0,0.0,4189
Major Micro Lag,13.0,92.0,237.0,7036.0,32.0,0.0,5.0,7415
Major Minor Micro Lag,1.0,60.0,49.0,5189.0,1.0,5.0,13.0,5318
Minor Lag,28.0,102.0,431.0,9904.0,0.0,10.0,0.0,10475
Minor Micro Lag,48.0,161.0,553.0,10131.0,8.0,13.0,0.0,10914
Micro Lag,33.0,258.0,145.0,11155.0,105.0,0.0,0.0,11696
No Lag,147.0,938.0,1258.0,14923.0,1.0,0.0,0.0,17267
All Types,282.0,1763.0,3026.0,65950.0,148.0,28.0,28.0,71225
