Raw Values,FORWARDS_MAJOR,FORWARDS_MINOR,FORWARDS_MICRO,NO_CHANGE,BACKWARD_MICRO,BACKWARD_MINOR,BACKWARD_MAJOR,Total
Major Lag,8.0,134.0,235.0,3566.0,1.0,0.0,10.0,3954
Major Minor Lag,4.0,16.0,118.0,4058.0,0.0,0.0,0.0,4196
Major Micro Lag,13.0,91.0,236.0,7050.0,32.0,0.0,5.0,7427
Major Minor Micro Lag,1.0,59.0,48.0,5195.0,1.0,5.0,13.0,5322
Minor Lag,28.0,100.0,426.0,9923.0,0.0,9.0,0.0,10486
Minor Micro Lag,48.0,159.0,552.0,10162.0,9.0,12.0,0.0,10942
Micro Lag,33.0,257.0,147.0,11168.0,110.0,0.0,0.0,11715
No Lag,147.0,932.0,1267.0,14938.0,1.0,0.0,0.0,17285
All Types,282.0,1748.0,3029.0,66060.0,154.0,26.0,28.0,71327
