Raw Values,FORWARDS_MAJOR,FORWARDS_MINOR,FORWARDS_MICRO,NO_CHANGE,BACKWARD_MICRO,BACKWARD_MINOR,BACKWARD_MAJOR,Total
Major Lag,10.0,102.0,259.0,3634.0,1.0,0.0,11.0,4017
Major Minor Lag,4.0,15.0,116.0,4225.0,0.0,1.0,0.0,4361
Major Micro Lag,13.0,74.0,237.0,7509.0,17.0,0.0,5.0,7855
Major Minor Micro Lag,0.0,46.0,47.0,5502.0,1.0,4.0,13.0,5613
Minor Lag,27.0,101.0,387.0,10242.0,0.0,10.0,0.0,10767
Minor Micro Lag,34.0,147.0,488.0,10466.0,11.0,14.0,0.0,11160
Micro Lag,36.0,244.0,131.0,11241.0,87.0,0.0,0.0,11739
No Lag,155.0,633.0,1297.0,14707.0,1.0,0.0,0.0,16793
All Types,279.0,1362.0,2962.0,67526.0,118.0,29.0,29.0,72305
