Raw Values,FORWARDS_MAJOR,FORWARDS_MINOR,FORWARDS_MICRO,NO_CHANGE,BACKWARD_MICRO,BACKWARD_MINOR,BACKWARD_MAJOR,Total
Major Lag,1025.0,5465.0,4080.0,554401.0,0.0,0.0,633.0,565604
Major Minor Lag,226.0,452.0,290.0,323401.0,1.0,216.0,237.0,324823
Major Micro Lag,207.0,667.0,294.0,219767.0,116.0,0.0,163.0,221214
Major Minor Micro Lag,131.0,180.0,61.0,154529.0,43.0,88.0,102.0,155134
Minor Lag,1747.0,3107.0,3340.0,594180.0,21.0,1479.0,0.0,603874
Minor Micro Lag,500.0,819.0,408.0,286214.0,122.0,284.0,1.0,288348
Micro Lag,1107.0,2071.0,2069.0,501552.0,634.0,0.0,0.0,507433
No Lag,18052.0,45861.0,50379.0,1926339.0,62.0,11.0,10.0,2040714
All Types,22995.0,58622.0,60921.0,4560383.0,999.0,2078.0,1146.0,4707144
