Raw Values,FORWARDS_MAJOR,FORWARDS_MINOR,FORWARDS_MICRO,NO_CHANGE,BACKWARD_MICRO,BACKWARD_MINOR,BACKWARD_MAJOR,Total
Major Lag,1008.0,5402.0,4052.0,534941.0,0.0,0.0,612.0,546015
Major Minor Lag,217.0,449.0,223.0,315326.0,1.0,220.0,235.0,316671
Major Micro Lag,202.0,650.0,332.0,212565.0,116.0,0.0,162.0,214027
Major Minor Micro Lag,127.0,164.0,60.0,148270.0,44.0,87.0,99.0,148851
Minor Lag,1755.0,3345.0,2828.0,575265.0,20.0,1508.0,0.0,584721
Minor Micro Lag,492.0,814.0,383.0,272583.0,125.0,269.0,1.0,274667
Micro Lag,1094.0,2044.0,2241.0,482519.0,812.0,0.0,0.0,488710
No Lag,17226.0,43710.0,50187.0,1826194.0,63.0,9.0,9.0,1937398
All Types,22121.0,56578.0,60306.0,4367663.0,1181.0,2093.0,1118.0,4511060
