Raw Values,FORWARDS_MAJOR,FORWARDS_MINOR,FORWARDS_MICRO,NO_CHANGE,BACKWARD_MICRO,BACKWARD_MINOR,BACKWARD_MAJOR,Total
Major Lag,1025.0,5474.0,4084.0,554391.0,0.0,0.0,633.0,565607
Major Minor Lag,226.0,453.0,289.0,323372.0,1.0,216.0,236.0,324793
Major Micro Lag,207.0,675.0,317.0,219733.0,116.0,0.0,162.0,221210
Major Minor Micro Lag,131.0,181.0,62.0,154528.0,42.0,88.0,102.0,155134
Minor Lag,1750.0,3120.0,3344.0,594143.0,21.0,1477.0,0.0,603855
Minor Micro Lag,502.0,821.0,408.0,286271.0,120.0,281.0,1.0,288404
Micro Lag,1107.0,2083.0,2085.0,501502.0,635.0,0.0,0.0,507412
No Lag,18075.0,45903.0,50400.0,1926125.0,62.0,11.0,10.0,2040586
All Types,23023.0,58710.0,60989.0,4560065.0,997.0,2073.0,1144.0,4707001
