Raw Values,FORWARDS_MAJOR,FORWARDS_MINOR,FORWARDS_MICRO,NO_CHANGE,BACKWARD_MICRO,BACKWARD_MINOR,BACKWARD_MAJOR,Total
Major Lag,906.0,1385.0,4779.0,15609.0,0.0,0.0,28.0,22707
Major Minor Lag,33.0,78.0,3777.0,1253.0,0.0,3.0,0.0,5144
Major Micro Lag,19.0,20.0,3834.0,2301.0,3.0,0.0,5.0,6182
Major Minor Micro Lag,14.0,21.0,2036.0,755.0,0.0,0.0,1.0,2827
Minor Lag,286.0,1108.0,6515.0,11159.0,0.0,36.0,0.0,19104
Minor Micro Lag,9.0,12.0,2398.0,1569.0,0.0,1.0,0.0,3989
Micro Lag,16.0,365.0,1338.0,3492.0,4.0,0.0,0.0,5215
No Lag,2266.0,9592.0,28272.0,62408.0,3.0,6.0,9.0,102556
All Types,3549.0,12581.0,52949.0,98546.0,10.0,46.0,43.0,167724
