Raw Values,FORWARDS_MAJOR,FORWARDS_MINOR,FORWARDS_MICRO,NO_CHANGE,BACKWARD_MICRO,BACKWARD_MINOR,BACKWARD_MAJOR,Total
Major Lag,79.0,249.0,544.0,2876.0,0.0,0.0,23.0,3771
Major Minor Lag,21.0,20.0,389.0,1095.0,0.0,2.0,0.0,1527
Major Micro Lag,0.0,5.0,36.0,880.0,0.0,0.0,5.0,926
Major Minor Micro Lag,3.0,7.0,172.0,557.0,0.0,0.0,1.0,740
Minor Lag,14.0,102.0,250.0,1961.0,0.0,32.0,0.0,2359
Minor Micro Lag,1.0,0.0,92.0,693.0,0.0,1.0,0.0,787
Micro Lag,2.0,13.0,218.0,945.0,2.0,0.0,0.0,1180
No Lag,210.0,2366.0,9437.0,7838.0,3.0,6.0,8.0,19868
All Types,330.0,2762.0,11138.0,16845.0,5.0,41.0,37.0,31158
