\begin{tabular}{|l|ccccccc|c|c|}
\hline
\multirow{3}{*}{Contains lag} & \multirow{3}{*}{Major} & \multirow{3}{*}{Major \& Minor} & \multirow{3}{*}{Major \& Micro} & \multirow{3}{*}{Major \& Minor \& Micro} & \multirow{3}{*}{Minor} & \multirow{3}{*}{Minor \& Micro} & \multirow{3}{*}{Micro} & \multirow{3}{*}{No Lag} & \multirow{3}{*}{Dependency Declaration Total} \\
 & & & & & & & & & \\
 & & & & & & & & & \\
\hline
Atom & 15.93\% & 2.76\% & 0.47\% & 0.37\% & 6.87\% & 0.90\% & 2.49\% & 70.22\% & 240653 \\
Cargo & 1.81\% & 0.24\% & 0.26\% & 0.00\% & 8.91\% & 0.07\% & 0.37\% & 88.33\% & 521006 \\
Dub & 2.56\% & 0.42\% & 0.54\% & 0.01\% & 6.21\% & 0.05\% & 2.60\% & 87.61\% & 7616 \\
Elm & 4.21\% & 0.00\% & 0.03\% & 0.00\% & 0.01\% & 0.00\% & 0.09\% & 95.66\% & 17613 \\
Haxelib & 0.36\% & 0.13\% & 0.15\% & 0.00\% & 0.79\% & 0.09\% & 1.84\% & 96.63\% & 5286 \\
Hex & 6.47\% & 0.61\% & 0.03\% & 0.01\% & 5.45\% & 0.38\% & 0.89\% & 86.15\% & 64621 \\
Maven & 9.80\% & 3.67\% & 4.39\% & 2.57\% & 19.85\% & 12.23\% & 13.08\% & 34.40\% & 3467909 \\
NPM & 20.24\% & 2.22\% & 0.64\% & 0.49\% & 5.49\% & 0.88\% & 1.59\% & 68.45\% & 75733660 \\
NuGet & 1.33\% & 0.20\% & 0.13\% & 0.04\% & 0.48\% & 0.07\% & 0.11\% & 97.64\% & 2748879 \\
Packagist & 19.84\% & 2.01\% & 0.39\% & 0.29\% & 6.82\% & 0.82\% & 1.05\% & 68.79\% & 4562384 \\
Pub & 2.85\% & 0.08\% & 0.02\% & 0.02\% & 4.07\% & 0.36\% & 0.56\% & 92.04\% & 128692 \\
Puppet & 5.13\% & 0.30\% & 0.05\% & 0.05\% & 1.26\% & 0.16\% & 0.31\% & 92.74\% & 50281 \\
Pypi & 1.44\% & 0.95\% & 0.30\% & 0.31\% & 4.96\% & 1.70\% & 2.26\% & 88.07\% & 459160 \\
Rubygems & 6.96\% & 0.87\% & 0.17\% & 0.11\% & 4.74\% & 0.44\% & 0.57\% & 86.13\% & 4765613 \\
\hline
\end{tabular}
