Raw Values,FORWARDS_MAJOR,FORWARDS_MINOR,FORWARDS_MICRO,NO_CHANGE,BACKWARD_MICRO,BACKWARD_MINOR,BACKWARD_MAJOR,Total
Major Lag,1.0,6.0,3.0,2614.0,0.0,0.0,6.0,2630
Major Minor Lag,0.0,0.0,1.0,2525.0,0.0,0.0,0.0,2526
Major Micro Lag,0.0,7.0,1.0,784.0,0.0,0.0,7.0,799
Major Minor Micro Lag,0.0,0.0,0.0,882.0,0.0,0.0,0.0,882
Minor Lag,7.0,12.0,41.0,11749.0,0.0,4.0,0.0,11813
Minor Micro Lag,1.0,5.0,3.0,4982.0,1.0,8.0,0.0,5000
Micro Lag,6.0,27.0,28.0,5387.0,13.0,0.0,0.0,5461
No Lag,75.0,407.0,500.0,17752.0,0.0,1.0,0.0,18735
All Types,90.0,464.0,577.0,46675.0,14.0,13.0,13.0,47846
