Raw Values,FORWARDS_MAJOR,FORWARDS_MINOR,FORWARDS_MICRO,NO_CHANGE,BACKWARD_MICRO,BACKWARD_MINOR,BACKWARD_MAJOR,Total
Major Lag,1.0,6.0,3.0,2606.0,0.0,0.0,6.0,2622
Major Minor Lag,0.0,0.0,1.0,2523.0,0.0,0.0,0.0,2524
Major Micro Lag,0.0,7.0,1.0,784.0,0.0,0.0,7.0,799
Major Minor Micro Lag,0.0,0.0,0.0,861.0,0.0,0.0,0.0,861
Minor Lag,7.0,11.0,4.0,11302.0,0.0,4.0,0.0,11328
Minor Micro Lag,1.0,5.0,3.0,4824.0,1.0,8.0,0.0,4842
Micro Lag,6.0,27.0,10.0,5234.0,13.0,0.0,0.0,5290
No Lag,59.0,206.0,129.0,16762.0,0.0,1.0,0.0,17157
All Types,74.0,262.0,151.0,44896.0,14.0,13.0,13.0,45423
