Raw Values,FORWARDS_MAJOR,FORWARDS_MINOR,FORWARDS_MICRO,NO_CHANGE,BACKWARD_MICRO,BACKWARD_MINOR,BACKWARD_MAJOR,Total
Major Lag,1.0,6.0,3.0,2608.0,0.0,0.0,6.0,2624
Major Minor Lag,0.0,0.0,1.0,2525.0,0.0,0.0,0.0,2526
Major Micro Lag,0.0,7.0,1.0,784.0,0.0,0.0,7.0,799
Major Minor Micro Lag,0.0,0.0,0.0,861.0,0.0,0.0,0.0,861
Minor Lag,7.0,11.0,4.0,11306.0,0.0,4.0,0.0,11332
Minor Micro Lag,1.0,5.0,3.0,4826.0,1.0,8.0,0.0,4844
Micro Lag,6.0,27.0,10.0,5237.0,13.0,0.0,0.0,5293
No Lag,61.0,210.0,131.0,16776.0,0.0,1.0,0.0,17179
All Types,76.0,266.0,153.0,44923.0,14.0,13.0,13.0,45458
