Raw Values,FORWARDS_MAJOR,FORWARDS_MINOR,FORWARDS_MICRO,NO_CHANGE,BACKWARD_MICRO,BACKWARD_MINOR,BACKWARD_MAJOR,Total
Major Lag,74.0,238.0,537.0,2721.0,0.0,0.0,22.0,3592
Major Minor Lag,21.0,20.0,389.0,1034.0,0.0,2.0,0.0,1466
Major Micro Lag,0.0,5.0,36.0,811.0,0.0,0.0,5.0,857
Major Minor Micro Lag,3.0,7.0,170.0,498.0,0.0,0.0,1.0,679
Minor Lag,11.0,87.0,239.0,1838.0,0.0,32.0,0.0,2207
Minor Micro Lag,1.0,0.0,92.0,651.0,0.0,1.0,0.0,745
Micro Lag,2.0,9.0,210.0,807.0,1.0,0.0,0.0,1029
No Lag,174.0,1413.0,9061.0,5262.0,0.0,1.0,8.0,15919
All Types,286.0,1779.0,10734.0,13622.0,1.0,36.0,36.0,26494
