Raw Values,FORWARDS_MAJOR,FORWARDS_MINOR,FORWARDS_MICRO,NO_CHANGE,BACKWARD_MICRO,BACKWARD_MINOR,BACKWARD_MAJOR,Total
Major Lag,888.0,1361.0,4741.0,14925.0,0.0,0.0,26.0,21941
Major Minor Lag,33.0,78.0,3776.0,1192.0,0.0,2.0,0.0,5081
Major Micro Lag,18.0,19.0,3828.0,2230.0,3.0,0.0,5.0,6103
Major Minor Micro Lag,13.0,21.0,2034.0,694.0,0.0,0.0,1.0,2763
Minor Lag,283.0,1078.0,6483.0,10804.0,0.0,36.0,0.0,18684
Minor Micro Lag,9.0,12.0,2398.0,1524.0,0.0,1.0,0.0,3944
Micro Lag,9.0,345.0,1323.0,3079.0,2.0,0.0,0.0,4758
No Lag,2133.0,7346.0,26744.0,44099.0,0.0,1.0,9.0,80332
All Types,3386.0,10260.0,51327.0,78547.0,5.0,40.0,41.0,143606
